# format: (space-point-index, phi, theta, q/p, t, chi2)+
4390, -1.98397, 1.86786, -13.1665, 1036.1, 20.5594, 3626, -2.19989, 1.86786, -13.1665, 807.206, 11.5588, 3405, -2.25004, 1.86786, -13.1665, 754.043, 14.3311, 3223, -2.28682, 1.86786, -13.1665, 715.055, 16.0619, 3033, -2.32312, 1.86786, -13.1665, 676.575, 22.2093, 2887, -2.35864, 1.86786, -13.1665, 638.926, 0.827797, 2759, -2.3938, 1.86786, -13.1665, 601.649, 19.187, 2636, -2.42822, 1.86786, -13.1665, 565.161, 6.41126, 2436, -2.48473, 1.86786, -13.1665, 505.249, 5.55279, 2301, -2.51791, 1.86786, -13.1665, 470.071, 0.399766, 2151, -2.55092, 1.86786, -13.1665, 435.079, 2.56405, 2003, -2.58317, 1.86786, -13.1665, 400.89, 3.59565e-12
3626, -2.22195, 1.86952, -12.355, 782.631, 17.917, 3405, -2.26825, 1.86952, -12.355, 732.792, 19.2806, 3223, -2.30225, 1.86952, -12.355, 696.192, 12.2913, 3033, -2.33595, 1.86952, -12.355, 659.919, 25.6927, 2887, -2.36897, 1.86952, -12.355, 624.38, 0.337287, 2759, -2.40174, 1.86952, -12.355, 589.109, 22.0044, 2636, -2.43388, 1.86952, -12.355, 554.509, 8.68107, 2436, -2.48677, 1.86952, -12.355, 497.583, 6.2508, 2301, -2.51787, 1.86952, -12.355, 464.105, 0.790151, 2151, -2.54888, 1.86952, -12.355, 430.722, 2.74157, 2003, -2.57922, 1.86952, -12.355, 398.065, 3.59565e-12
4390, -1.96641, 1.86673, -13.2981, 1060.81, 14.549, 4177, -2.05277, 1.86673, -13.2981, 969.464, 1.50109, 4015, -2.0941, 1.86673, -13.2981, 925.748, 3.41033, 3788, -2.14785, 1.86673, -13.2981, 868.898, 27.9324, 3626, -2.18744, 1.86673, -13.2981, 827.028, 0.37445, 3405, -2.23857, 1.86673, -13.2981, 772.947, 0.741524, 3033, -2.31308, 1.86673, -13.2981, 694.144, 4.54643, 2887, -2.34929, 1.86673, -13.2981, 655.844, 14.0413, 2759, -2.38506, 1.86673, -13.2981, 618.02, 1.96702, 2636, -2.42012, 1.86673, -13.2981, 580.932, 4.66669, 2507, -2.45483, 1.86673, -13.2981, 544.219, 18.1804, 2436, -2.47766, 1.86673, -13.2981, 520.075, 10.6922, 2301, -2.51141, 1.86673, -13.2981, 484.376, 0.259988, 2151, -2.54494, 1.86673, -13.2981, 448.915, 2.52482e-12
5064, -1.17508, 1.86124, -14.1764, 1869.59, 6.52872, 5046, -1.21611, 1.86124, -14.1764, 1826.79, 11.5092, 4762, -1.56471, 1.86124, -14.1764, 1463.1, 19.1585, 4696, -1.63167, 1.86124, -14.1764, 1393.24, 10.7197, 4512, -1.77253, 1.86124, -14.1764, 1246.29, 23.6148, 4275, -1.94794, 1.86124, -14.1764, 1063.27, 17.5511, 3788, -2.08876, 1.86124, -14.1764, 916.362, 28.8339, 3224, -2.23187, 1.86124, -14.1764, 767.046, 17.5288, 3033, -2.27267, 1.86124, -14.1764, 724.487, 0.145912, 2887, -2.31264, 1.86124, -14.1764, 682.781, 29.1676, 2759, -2.3519, 1.86124, -14.1764, 641.821, 0.651011, 2636, -2.39023, 1.86124, -14.1764, 601.834, 0.969713, 2436, -2.45299, 1.86124, -14.1764, 536.358, 1.79311e-12
4390, -1.97941, 1.86617, -12.8516, 1025.65, 2.20775, 4177, -2.06183, 1.86617, -12.8516, 937.793, 3.87815, 4015, -2.10144, 1.86617, -12.8516, 895.562, 7.30125, 3626, -2.1911, 1.86617, -12.8516, 799.978, 0.136443, 3405, -2.24037, 1.86617, -12.8516, 747.457, 0.520756, 3033, -2.31232, 1.86617, -12.8516, 670.754, 4.42768, 2887, -2.34735, 1.86617, -12.8516, 633.412, 15.0546, 2759, -2.38199, 1.86617, -12.8516, 596.491, 1.44378, 2636, -2.41597, 1.86617, -12.8516, 560.258, 4.8517, 2507, -2.44966, 1.86617, -12.8516, 524.348, 16.6821, 2436, -2.47182, 1.86617, -12.8516, 500.729, 10.2602, 2301, -2.50463, 1.86617, -12.8516, 465.75, 2.50345e-12
3626, -2.22202, 1.86271, -12.7669, 810.084, 15.4355, 3405, -2.26969, 1.86271, -12.7669, 759.191, 16.6293, 3223, -2.30468, 1.86271, -12.7669, 721.832, 19.9465, 3033, -2.33929, 1.86271, -12.7669, 684.878, 10.2641, 2887, -2.37323, 1.86271, -12.7669, 648.64, 12.0103, 2759, -2.40683, 1.86271, -12.7669, 612.762, 0.901743, 2636, -2.43987, 1.86271, -12.7669, 577.478, 16.238, 2507, -2.47256, 1.86271, -12.7669, 542.58, 1.79311e-12
4368, -1.81113, 1.86623, -14.9313, 1223.38, 8.75208, 4275, -1.87057, 1.86623, -14.9313, 1162, 3.07979, 3788, -2.03311, 1.86623, -14.9313, 994.133, 0.663055, 3626, -2.08338, 1.86623, -14.9313, 942.216, 9.01405, 3405, -2.14774, 1.86623, -14.9313, 875.745, 9.40652, 3223, -2.19404, 1.86623, -14.9313, 827.926, 2.08379e-12
1745, 0.367413, 1.39944, -19.9134, 7973.59, 15.9956, 1608, 0.302802, 1.39944, -19.9134, 7909.66, 25.8514, 1533, 0.261089, 1.39944, -19.9134, 7868.38, 0.371602, 1385, 0.200751, 1.39944, -19.9134, 7808.67, 4.88011, 1280, 0.161787, 1.39944, -19.9134, 7770.12, 0.440195, 1116, 0.104536, 1.39944, -19.9134, 7713.46, 7.79196, 970, 0.0674754, 1.39944, -19.9134, 7676.79, 9.25118, 838, 0.031028, 1.39944, -19.9134, 7640.72, 6.29839, 217, -0.125543, 1.39944, -19.9134, 7485.79, 3.44775e-10
1745, 0.364916, 1.39849, -19.6973, 7561.28, 16.2379, 1608, 0.301165, 1.39849, -19.6973, 7498.11, 25.0454, 1533, 0.259974, 1.39849, -19.6973, 7457.3, 0.629258, 1385, 0.200345, 1.39849, -19.6973, 7398.22, 3.89317, 1280, 0.161802, 1.39849, -19.6973, 7360.03, 0.881139, 1116, 0.105149, 1.39849, -19.6973, 7303.9, 5.3843, 970, 0.0684562, 1.39849, -19.6973, 7267.55, 6.26115, 838, 0.0323367, 1.39849, -19.6973, 7231.76, 9.99029, 217, -0.122908, 1.39849, -19.6973, 7077.94, 3.44775e-10
1745, 0.400702, 1.39819, -20.521, 7484.24, 0.471263, 1608, 0.33155, 1.39819, -20.521, 7416.04, 5.37641, 1533, 0.287109, 1.39819, -20.521, 7372.21, 12.7784, 1385, 0.222995, 1.39819, -20.521, 7308.98, 0.0746713, 1280, 0.181809, 1.39819, -20.521, 7268.36, 7.26975, 1116, 0.121422, 1.39819, -20.521, 7208.8, 4.46251, 970, 0.0822889, 1.39819, -20.521, 7170.21, 8.64215, 838, 0.044121, 1.39819, -20.521, 7132.57, 9.18783e-11
2895, -0.802989, 2.02216, 4.10119, 1001.79, 24.324, 2770, -0.79397, 2.02216, 4.10119, 984.89, 9.64812, 2650, -0.784972, 2.02216, 4.10119, 968.024, 3.26976, 2517, -0.775944, 2.02216, 4.10119, 951.104, 1.88442, 2449, -0.769918, 2.02216, 4.10119, 939.809, 1.03423, 2316, -0.760896, 2.02216, 4.10119, 922.899, 2.55838, 2170, -0.751893, 2.02216, 4.10119, 906.025, 2.97037, 2021, -0.742909, 2.02216, 4.10119, 889.185, 0.152777, 1856, -0.733943, 2.02216, 4.10119, 872.38, 1.66862e-10
2895, -0.772418, 2.05169, 3.92437, 921.352, 22.5895, 2770, -0.76372, 2.05169, 3.92437, 904.493, 6.23381, 2650, -0.755039, 2.05169, 3.92437, 887.668, 0.122884, 2517, -0.746338, 2.05169, 3.92437, 870.801, 1.38208, 2449, -0.740527, 2.05169, 3.92437, 859.538, 1.01151, 2316, -0.731825, 2.05169, 3.92437, 842.671, 3.28134e-10
4837, -0.299779, 2.0245, -2.3323, 1161.56, 13.079, 4740, -0.306594, 2.0245, -2.3323, 1141.05, 13.0493, 4650, -0.313397, 2.0245, -2.3323, 1120.59, 0.891837, 4553, -0.32019, 2.0245, -2.3323, 1100.15, 0.0963301, 4426, -0.328668, 2.0245, -2.3323, 1074.65, 0.872614, 4328, -0.335478, 2.0245, -2.3323, 1054.16, 4.19861e-10
1511, -1.07411, 2.02572, 12.7452, 1469.02, 0.956709, 1362, -1.04166, 2.02572, 12.7452, 1434.36, 2.88263, 1266, -1.01996, 2.02572, 12.7452, 1411.18, 1.3868, 1098, -0.987967, 2.02572, 12.7452, 1377, 3.5002, 910, -0.956146, 2.02572, 12.7452, 1343.02, 1.04459e-10
2449, -0.893417, 1.99388, 6.66808, 1300.27, 15.0497, 2316, -0.878383, 1.99388, 6.66808, 1279.72, 13.3427, 2170, -0.863437, 1.99388, 6.66808, 1259.3, 26.9744, 1788, -0.823891, 1.99388, 6.66808, 1205.25, 0.000169545, 1652, -0.809061, 1.99388, 6.66808, 1184.98, 6.03253e-05, 1511, -0.794303, 1.99388, 6.66808, 1164.81, 2.08855e-11
2449, -0.888208, 2.01406, 6.12379, 1108.69, 12.1625, 2316, -0.874297, 2.01406, 6.12379, 1088.75, 2.73397, 2170, -0.860457, 2.01406, 6.12379, 1068.92, 0.0325943, 2021, -0.846685, 2.01406, 6.12379, 1049.18, 3.62633, 1856, -0.832974, 2.01406, 6.12379, 1029.53, 19.6291, 1788, -0.823796, 2.01406, 6.12379, 1016.38, 3.83132, 1652, -0.81003, 2.01406, 6.12379, 996.651, 1.36168, 1511, -0.796326, 2.01406, 6.12379, 977.012, 2.08855e-11
5384, -0.000430435, 2.01167, -5.299, 1586.51, 2.49528, 5214, -0.0380512, 2.01167, -5.299, 1527.6, 4.65716, 5143, -0.0546661, 2.01167, -5.299, 1501.59, 1.55106, 5050, -0.0711525, 2.01167, -5.299, 1475.77, 21.9551, 4951, -0.0876209, 2.01167, -5.299, 1449.98, 3.09644e-10
2197, 0.78636, 1.39822, -21.4801, 8029.71, 1.02017, 1980, 0.647383, 1.39822, -21.4801, 7893.3, 0.814661, 1827, 0.554837, 1.39822, -21.4801, 7802.46, 5.20234e-10
1511, -1.16672, 2.031, 15.2901, 1709.15, 7.81829, 1362, -1.12514, 2.031, 15.2901, 1666.39, 4.82754, 1266, -1.0975, 2.031, 15.2901, 1637.98, 12.5227, 782, -0.990625, 2.031, 15.2901, 1528.08, 2.89633, 581, -0.951364, 2.031, 15.2901, 1487.7, 5.92928e-11
6270, 0.769965, 2.00971, -8.67298, 2615.23, 9.99324, 6211, 0.73602, 2.00971, -8.67298, 2574.23, 21.263, 6162, 0.692087, 2.00971, -8.67298, 2521.17, 14.3988, 6134, 0.681314, 2.00971, -8.67298, 2508.15, 17.5355, 6046, 0.618443, 2.00971, -8.67298, 2432.22, 1.67566, 5955, 0.558198, 2.00971, -8.67298, 2359.46, 7.31106e-10
4529, -1.42335, 1.80312, 15.826, 4603.82, 0.367372, 4440, -1.2517, 1.80312, 15.826, 4428.37, 28.5426, 4353, -1.09307, 1.80486, 15.7674, 4285.53, 5.70344, 4267, -1.01266, 1.80486, 15.7674, 4203.29, 8.93686, 4081, -0.938808, 1.80486, 15.7674, 4127.76, 3.28284e-10
4441, -1.21535, 1.80486, 15.7674, 4410.59, 1.44584, 4353, -1.09307, 1.80486, 15.7674, 4285.53, 5.70344, 4267, -1.01266, 1.80486, 15.7674, 4203.29, 8.93686, 4081, -0.938808, 1.80486, 15.7674, 4127.76, 3.28284e-10
3361, -0.54226, 1.80136, 14.6838, 3559.22, 1.1285, 3106, -0.483256, 1.80136, 14.6838, 3498.09, 3.21913, 2917, -0.426229, 1.80136, 14.6838, 3439, 10.8582, 2676, -0.34387, 1.80136, 14.6838, 3353.68, 5.07992e-10
3613, -0.685642, 1.80579, 15.1707, 3650.23, 1.28315, 3361, -0.616265, 1.80579, 15.1707, 3578.79, 11.8555, 3106, -0.549968, 1.80579, 15.1707, 3510.52, 0.0345575, 2917, -0.486312, 1.80579, 15.1707, 3444.97, 2.2418, 2547, -0.351142, 1.80579, 15.1707, 3305.78, 2.98825e-10
4534, -1.25822, 1.80595, 15.429, 4545.24, 1.34157, 4442, -1.13857, 1.80595, 15.429, 4422.4, 4.80988, 4354, -1.03412, 1.80595, 15.429, 4315.17, 4.97261, 4081, -0.897041, 1.80595, 15.429, 4174.44, 2.10254, 3978, -0.855228, 1.80595, 15.429, 4131.52, 8.80442, 3897, -0.814754, 1.80595, 15.429, 4089.97, 25.2351, 3360, -0.647283, 1.80595, 15.429, 3918.04, 8.85202, 2791, -0.465908, 1.80595, 15.429, 3731.84, 19.6691, 2676, -0.419566, 1.80595, 15.429, 3684.26, 25.2445, 2422, -0.330645, 1.80595, 15.429, 3592.97, 3.01125, 1985, -0.204018, 1.80595, 15.429, 3462.98, 0.326916, 1832, -0.163493, 1.80595, 15.429, 3421.37, 1.03846e-10
4441, -1.19391, 1.80908, 16.0198, 4576.94, 5.67609, 4353, -1.07585, 1.80908, 16.0198, 4456.51, 3.74242, 4267, -0.997363, 1.80908, 16.0198, 4376.46, 8.94167, 3360, -0.658729, 1.80908, 16.0198, 4031.05, 4.25234, 2791, -0.468603, 1.80908, 16.0198, 3837.12, 18.3797, 2676, -0.420324, 1.80908, 16.0198, 3787.87, 24.6209, 2422, -0.327996, 1.80908, 16.0198, 3693.7, 4.23139, 1985, -0.196997, 1.80908, 16.0198, 3560.08, 2.06401, 1832, -0.155199, 1.80908, 16.0198, 3517.45, 1.7184, 1751, -0.127589, 1.80908, 16.0198, 3489.28, 1.04105e-10
4534, -1.25357, 1.80608, 15.3349, 4422.68, 3.9304, 4442, -1.13573, 1.80608, 15.3349, 4301.58, 12.7122, 4354, -1.03256, 1.80608, 15.3349, 4195.54, 0.889396, 4081, -0.896706, 1.80608, 15.3349, 4055.92, 1.01473, 3978, -0.855224, 1.80608, 15.3349, 4013.28, 13.2878, 3897, -0.815014, 1.80608, 15.3349, 3971.96, 16.6873, 3360, -0.648442, 1.80608, 15.3349, 3800.77, 10.7646, 2791, -0.46788, 1.80608, 15.3349, 3615.2, 20.0349, 2676, -0.421748, 1.80608, 15.3349, 3567.79, 25.7738, 2422, -0.333125, 1.80608, 15.3349, 3476.71, 1.62616, 1985, -0.20689, 1.80608, 15.3349, 3346.98, 2.01709e-10
4534, -1.27603, 1.80761, 15.8439, 4295.96, 3.75059, 4442, -1.14796, 1.80761, 15.8439, 4165.09, 16.5556, 4354, -1.03843, 1.80761, 15.8439, 4053.16, 27.3666, 3780, -0.77126, 1.80761, 15.8439, 3780.12, 3.57399, 3174, -0.587362, 1.80761, 15.8439, 3592.2, 10.2409, 2943, -0.51994, 1.80761, 15.8439, 3523.3, 3.79407, 2676, -0.407873, 1.80761, 15.8439, 3408.78, 6.78732, 2422, -0.317507, 1.80761, 15.8439, 3316.43, 14.0635, 2141, -0.231196, 1.80761, 15.8439, 3228.23, 0.415564, 1985, -0.189034, 1.80761, 15.8439, 3185.14, 1.64101, 1832, -0.14799, 1.80761, 15.8439, 3143.2, 1.56133, 1751, -0.120858, 1.80761, 15.8439, 3115.48, 0.264727, 1617, -0.0810316, 1.80761, 15.8439, 3074.78, 4.58694, 1477, -0.0415419, 1.80761, 15.8439, 3034.42, 3.2575e-10
4967, 1.09921, 2.37966, -3.60194, 1874.71, 10.1412, 4543, 1.03589, 2.37966, -3.60194, 1743.45, 8.75835, 4312, 1.00452, 2.37966, -3.60194, 1678.43, 15.9927, 4001, 0.980193, 2.37966, -3.60194, 1628.02, 7.25257, 3851, 0.96977, 2.37966, -3.60194, 1606.42, 11.7042, 3686, 0.959378, 2.37966, -3.60194, 1584.89, 23.892, 3511, 0.949011, 2.37966, -3.60194, 1563.42, 5.91829, 3320, 0.938673, 2.37966, -3.60194, 1542.01, 9.18784, 3107, 0.92836, 2.37966, -3.60194, 1520.66, 15.7527, 2827, 0.907716, 2.37966, -3.60194, 1477.94, 1.83439, 2709, 0.897388, 2.37966, -3.60194, 1456.57, 2.4519, 2594, 0.887086, 2.37966, -3.60194, 1435.26, 10.593, 2469, 0.876804, 2.37966, -3.60194, 1413.99, 5.35031, 2348, 0.866546, 2.37966, -3.60194, 1392.77, 2.53621, 2210, 0.85631, 2.37966, -3.60194, 1371.6, 3.47702, 1892, 0.835856, 2.37966, -3.60194, 1329.31, 15.3992, 1673, 0.818801, 2.37966, -3.60194, 1294.01, 16.1525, 1538, 0.808584, 2.37966, -3.60194, 1272.89, 1.76019, 1391, 0.798381, 2.37966, -3.60194, 1251.8, 3.66982, 1224, 0.788189, 2.37966, -3.60194, 1230.76, 0.379102, 1045, 0.778014, 2.37966, -3.60194, 1209.75, 1.50338, 858, 0.767858, 2.37966, -3.60194, 1188.77, 2.74335, 549, 0.750916, 2.37966, -3.60194, 1153.77, 2.65863e-10
6351, 1.45803, 2.3803, -4.14996, 2552.79, 21.6523, 6192, 1.42666, 2.3803, -4.14996, 2494.52, 14.3982, 6129, 1.40899, 2.3803, -4.14996, 2461.7, 3.93188, 6004, 1.37383, 2.3803, -4.14996, 2396.37, 3.78539, 5941, 1.35633, 2.3803, -4.14996, 2363.87, 7.39033, 5882, 1.33899, 2.3803, -4.14996, 2331.65, 1.91111, 5810, 1.3218, 2.3803, -4.14996, 2299.72, 5.64542, 5740, 1.30455, 2.3803, -4.14996, 2267.67, 9.0849, 5673, 1.28736, 2.3803, -4.14996, 2235.73, 16.048, 5571, 1.27031, 2.3803, -4.14996, 2204.05, 14.5019, 5398, 1.22382, 2.3803, -4.14996, 2117.7, 1.77725, 5337, 1.20699, 2.3803, -4.14996, 2086.43, 14.2895, 4967, 1.13222, 2.3803, -4.14996, 1947.53, 18.5285, 4878, 1.11577, 2.3803, -4.14996, 1916.97, 4.36243, 4760, 1.09534, 2.3803, -4.14996, 1879.02, 4.39581, 4543, 1.0586, 2.3803, -4.14996, 1810.76, 4.02814, 4312, 1.0222, 2.3803, -4.14996, 1743.14, 2.60316, 4001, 0.994023, 2.3803, -4.14996, 1690.81, 0.737218, 3851, 0.981956, 2.3803, -4.14996, 1668.39, 8.78984, 3686, 0.969931, 2.3803, -4.14996, 1646.06, 29.2834, 3511, 0.957945, 2.3803, -4.14996, 1623.8, 0.540433, 3320, 0.945997, 2.3803, -4.14996, 1601.6, 8.46727, 3107, 0.934084, 2.3803, -4.14996, 1579.48, 18.2129, 2827, 0.910239, 2.3803, -4.14996, 1535.19, 2.93987, 2709, 0.898328, 2.3803, -4.14996, 1513.07, 0.804665, 2594, 0.886451, 2.3803, -4.14996, 1491.01, 13.1279, 2469, 0.874607, 2.3803, -4.14996, 1469.01, 2.22564, 2348, 0.862792, 2.3803, -4.14996, 1447.07, 1.24651, 2210, 0.851005, 2.3803, -4.14996, 1425.18, 7.7868, 1892, 0.827455, 2.3803, -4.14996, 1381.45, 11.6569, 1673, 0.807828, 2.3803, -4.14996, 1344.99, 20.2298, 1538, 0.796087, 2.3803, -4.14996, 1323.19, 3.31455, 1391, 0.784371, 2.3803, -4.14996, 1301.43, 6.2351, 1224, 0.772681, 2.3803, -4.14996, 1279.73, 1.35719, 1045, 0.761015, 2.3803, -4.14996, 1258.07, 0.281247, 858, 0.749364, 2.3803, -4.14996, 1236.44, 3.07181, 549, 0.729967, 2.3803, -4.14996, 1200.43, 2.65863e-10
2547, -0.275483, 1.81011, 13.9907, 3136.4, 5.42122, 2289, -0.2022, 1.81011, 13.9907, 3059.74, 13.2516, 2141, -0.166439, 1.81011, 13.9907, 3022.33, 9.61245, 1985, -0.131052, 1.81011, 13.9907, 2985.31, 9.23847, 1832, -0.0962192, 1.81011, 13.9907, 2948.87, 3.64526, 1751, -0.0731546, 1.81011, 13.9907, 2924.74, 1.4784, 1617, -0.0391753, 1.81011, 13.9907, 2889.2, 1.73978, 1477, -0.00526554, 1.81011, 13.9907, 2853.72, 0.989188, 1390, 0.0169096, 1.81011, 13.9907, 2830.53, 0.889215, 1226, 0.0501463, 1.81011, 13.9907, 2795.76, 0.72966, 1047, 0.0828588, 1.81011, 13.9907, 2761.54, 7.54563, 933, 0.104557, 1.81011, 13.9907, 2738.84, 0.13147, 747, 0.136879, 1.81011, 13.9907, 2705.03, 5.88356e-11
2547, -0.270532, 1.81258, 13.7241, 2837.5, 6.42254, 2289, -0.198842, 1.81258, 13.7241, 2762.2, 12.7113, 2141, -0.163822, 1.81258, 13.7241, 2725.41, 10.8249, 1985, -0.129151, 1.81258, 13.7241, 2689, 9.22305, 1832, -0.0950077, 1.81258, 13.7241, 2653.13, 2.49973, 1751, -0.0723868, 1.81258, 13.7241, 2629.37, 1.21741, 1617, -0.0390549, 1.81258, 13.7241, 2594.36, 4.89107, 1477, -0.00577021, 1.81258, 13.7241, 2559.4, 0.106927, 1390, 0.0160038, 1.81258, 13.7241, 2536.53, 0.0175291, 1226, 0.0486441, 1.81258, 13.7241, 2502.25, 0.189493, 1047, 0.0807872, 1.81258, 13.7241, 2468.49, 5.1058, 933, 0.102114, 1.81258, 13.7241, 2446.08, 0.0980583, 747, 0.133893, 1.81258, 13.7241, 2412.7, 5.88356e-11
2917, -0.427088, 1.81171, 14.9358, 3099.31, 21.3909, 2547, -0.301374, 1.81171, 14.9358, 2969.48, 13.7848, 2289, -0.221697, 1.81171, 14.9358, 2887.2, 22.4188, 2141, -0.18301, 1.81171, 14.9358, 2847.25, 4.93513, 1985, -0.144752, 1.81171, 14.9358, 2807.74, 4.70332, 1832, -0.107218, 1.81171, 14.9358, 2768.98, 0.843231, 1751, -0.0823966, 1.81171, 14.9358, 2743.34, 0.336692, 1617, -0.0458822, 1.81171, 14.9358, 2705.64, 6.45429, 1477, -0.00952802, 1.81171, 14.9358, 2668.09, 0.504075, 1390, 0.014208, 1.81171, 14.9358, 2643.58, 0.205923, 1226, 0.0497712, 1.81171, 14.9358, 2606.85, 0.296819, 1047, 0.0846886, 1.81171, 14.9358, 2570.79, 5.5239, 933, 0.10786, 1.81171, 14.9358, 2546.87, 2.97376e-10
3361, -0.567924, 1.80789, 15.2426, 3450.82, 5.57415, 3106, -0.504734, 1.80789, 15.2426, 3385.8, 26.7554, 2917, -0.443901, 1.80789, 15.2426, 3323.21, 18.0019, 2547, -0.314286, 1.80789, 15.2426, 3189.86, 13.1876, 2289, -0.232307, 1.80789, 15.2426, 3105.51, 22.473, 2141, -0.192586, 1.80789, 15.2426, 3064.65, 4.36846, 1985, -0.153287, 1.80789, 15.2426, 3024.21, 4.94107, 1832, -0.114806, 1.80789, 15.2426, 2984.62, 1.73196, 1751, -0.0893614, 1.80789, 15.2426, 2958.44, 0.313787, 1617, -0.0519589, 1.80789, 15.2426, 2919.96, 3.45828, 1477, -0.0147424, 1.80789, 15.2426, 2881.67, 0.710937, 1390, 0.00954052, 1.80789, 15.2426, 2856.69, 0.317933, 1226, 0.0459287, 1.80789, 15.2426, 2819.25, 0.29907, 1047, 0.0816125, 1.80789, 15.2426, 2782.54, 6.33415, 933, 0.105316, 1.80789, 15.2426, 2758.15, 2.97376e-10
3361, -0.568639, 1.80787, 15.2699, 3457.34, 5.24324, 3106, -0.505292, 1.80787, 15.2699, 3392.19, 25.9904, 2917, -0.444318, 1.80787, 15.2699, 3329.47, 17.3486, 2547, -0.314427, 1.80787, 15.2699, 3195.87, 13.4443, 2289, -0.232292, 1.80787, 15.2699, 3111.4, 22.6892, 2141, -0.192498, 1.80787, 15.2699, 3070.47, 4.29096, 1985, -0.153132, 1.80787, 15.2699, 3029.98, 4.88864, 1832, -0.114585, 1.80787, 15.2699, 2990.33, 1.72273, 1751, -0.0890992, 1.80787, 15.2699, 2964.12, 0.310089, 1617, -0.0516356, 1.80787, 15.2699, 2925.59, 3.45617, 1477, -0.0143615, 1.80787, 15.2699, 2887.25, 0.709333, 1390, 0.00995855, 1.80787, 15.2699, 2862.24, 0.316492, 1226, 0.0464012, 1.80787, 15.2699, 2824.76, 0.295426, 1047, 0.0821377, 1.80787, 15.2699, 2788, 6.34637, 933, 0.105874, 1.80787, 15.2699, 2763.59, 2.97376e-10
3361, -0.570941, 1.80631, 15.2851, 3507.17, 3.23471, 3106, -0.507416, 1.80631, 15.2851, 3441.85, 21.954, 2917, -0.446277, 1.80631, 15.2851, 3378.98, 15.9868, 2547, -0.316072, 1.80631, 15.2851, 3245.08, 12.8175, 2289, -0.233755, 1.80631, 15.2851, 3160.43, 24.4158, 2141, -0.193871, 1.80631, 15.2851, 3119.42, 3.37184, 1985, -0.154435, 1.80631, 15.2851, 3078.86, 4.74384, 1832, -0.115802, 1.80631, 15.2851, 3039.14, 2.11949, 1751, -0.0902748, 1.80631, 15.2851, 3012.89, 0.477819, 1617, -0.0527296, 1.80631, 15.2851, 2974.28, 2.966, 1477, -0.0154027, 1.80631, 15.2851, 2935.89, 0.423352, 1390, 0.00894895, 1.80631, 15.2851, 2910.85, 0.108671, 1226, 0.0454666, 1.80631, 15.2851, 2873.3, 5.64199e-10
3613, -0.657891, 1.80717, 15.806, 3590.18, 28.4537, 3361, -0.588034, 1.80717, 15.806, 3518.76, 2.00592, 3106, -0.521307, 1.80717, 15.806, 3450.54, 16.0636, 2917, -0.457315, 1.80717, 15.806, 3385.12, 8.93883, 2547, -0.32159, 1.80717, 15.806, 3246.37, 18.2019, 2289, -0.236139, 1.80717, 15.806, 3159.01, 26.523, 2141, -0.194818, 1.80717, 15.806, 3116.77, 3.06647, 1985, -0.15402, 1.80717, 15.806, 3075.06, 3.81299, 1832, -0.114085, 1.80717, 15.806, 3034.24, 1.28125, 1751, -0.0877236, 1.80717, 15.806, 3007.29, 0.131635, 1617, -0.0489754, 1.80717, 15.806, 2967.67, 4.08675, 1477, -0.0104859, 1.80717, 15.806, 2928.33, 0.653227, 1390, 0.0146132, 1.80717, 15.806, 2902.67, 0.23087, 1226, 0.0522116, 1.80717, 15.806, 2864.23, 0.239774, 1047, 0.0890505, 1.80717, 15.806, 2826.57, 6.26476, 933, 0.113498, 1.80717, 15.806, 2801.58, 2.97376e-10
3613, -0.659092, 1.80755, 15.8578, 3687.89, 27.3212, 3361, -0.588908, 1.80755, 15.8578, 3616.18, 1.98101, 3106, -0.521894, 1.80755, 15.8578, 3547.71, 15.3693, 2917, -0.457646, 1.80755, 15.8578, 3482.06, 7.97386, 2547, -0.321425, 1.80755, 15.8578, 3342.88, 18.751, 2289, -0.235702, 1.80755, 15.8578, 3255.29, 25.8591, 2141, -0.194255, 1.80755, 15.8578, 3212.95, 3.44423, 1985, -0.153341, 1.80755, 15.8578, 3171.14, 4.26773, 1832, -0.113292, 1.80755, 15.8578, 3130.22, 1.64777, 1751, -0.0868589, 1.80755, 15.8578, 3103.22, 0.280803, 1617, -0.0480081, 1.80755, 15.8578, 3063.52, 3.24949, 1477, -0.00941668, 1.80755, 15.8578, 3024.09, 0.804337, 1390, 0.0157486, 1.80755, 15.8578, 2998.38, 0.455449, 1226, 0.0534379, 1.80755, 15.8578, 2959.87, 0.432901, 1047, 0.090372, 1.80755, 15.8578, 2922.13, 6.76246, 933, 0.11487, 1.80755, 15.8578, 2897.1, 0.0536751, 747, 0.151222, 1.80755, 15.8578, 2859.96, 5.88356e-11
2547, -0.280975, 1.81, 14.3017, 3197.69, 6.96697, 2289, -0.205786, 1.81, 14.3017, 3119.38, 15.2016, 2141, -0.169139, 1.81, 14.3017, 3081.22, 8.31307, 1985, -0.132901, 1.81, 14.3017, 3043.48, 8.35159, 1832, -0.0972474, 1.81, 14.3017, 3006.35, 3.38083, 1751, -0.0736564, 1.81, 14.3017, 2981.78, 1.31805, 1617, -0.038908, 1.81, 14.3017, 2945.59, 1.75873, 1477, -0.00425934, 1.81, 14.3017, 2909.51, 1.01463, 1390, 0.0183903, 1.81, 14.3017, 2885.92, 0.909979, 1226, 0.0523315, 1.81, 14.3017, 2850.57, 0.72306, 1047, 0.0857183, 1.81, 14.3017, 2815.8, 7.73017, 933, 0.107856, 1.81, 14.3017, 2792.75, 0.121095, 747, 0.140826, 1.81, 14.3017, 2758.42, 5.88356e-11
2547, -0.272431, 1.80886, 13.7421, 3092.74, 4.40551, 2289, -0.200612, 1.80886, 13.7421, 3017.33, 13.0718, 2141, -0.165536, 1.80886, 13.7421, 2980.5, 9.44136, 1985, -0.130804, 1.80886, 13.7421, 2944.02, 9.45042, 1832, -0.0966038, 1.80886, 13.7421, 2908.11, 4.04499, 1751, -0.0739467, 1.80886, 13.7421, 2884.32, 1.73437, 1617, -0.0405593, 1.80886, 13.7421, 2849.26, 1.45328, 1477, -0.00722416, 1.80886, 13.7421, 2814.26, 1.10245, 1390, 0.0145806, 1.80886, 13.7421, 2791.36, 0.874317, 1226, 0.0472761, 1.80886, 13.7421, 2757.03, 0.521018, 1047, 0.0794597, 1.80886, 13.7421, 2723.23, 7.03782, 933, 0.100828, 1.80886, 13.7421, 2700.8, 2.97376e-10
3361, -0.566111, 1.80522, 15.092, 3812.44, 5.10432, 3106, -0.503693, 1.80522, 15.092, 3748.11, 27.9687, 2917, -0.443558, 1.80522, 15.092, 3686.12, 24.0837, 2547, -0.315323, 1.80522, 15.092, 3553.95, 7.39864, 2289, -0.23412, 1.80522, 15.092, 3470.25, 18.9623, 2141, -0.194747, 1.80522, 15.092, 3429.67, 7.22208, 1985, -0.155791, 1.80522, 15.092, 3389.51, 10.4596, 1832, -0.117635, 1.80522, 15.092, 3350.18, 7.07266, 1751, -0.0924172, 1.80522, 15.092, 3324.19, 4.02406, 1617, -0.0553316, 1.80522, 15.092, 3285.96, 0.300927, 1477, -0.0184469, 1.80522, 15.092, 3247.95, 1.53073, 1390, 0.00561872, 1.80522, 15.092, 3223.14, 0.830762, 1226, 0.041721, 1.80522, 15.092, 3185.93, 5.64199e-10
2547, -0.257229, 1.81101, 13.7314, 2990.9, 4.81426, 2289, -0.18621, 1.81101, 13.7314, 2916.31, 2.25608, 2141, -0.151477, 1.81101, 13.7314, 2879.83, 29.5828, 1985, -0.117133, 1.81101, 13.7314, 2843.76, 25.4971, 1832, -0.083288, 1.81101, 13.7314, 2808.22, 11.8492, 1751, -0.0608694, 1.81101, 13.7314, 2784.67, 8.72581, 1617, -0.0278518, 1.81101, 13.7314, 2750, 4.13129, 1477, 0.00515109, 1.81101, 13.7314, 2715.33, 1.85853, 1390, 0.026751, 1.81101, 13.7314, 2692.65, 2.25722, 1226, 0.0590625, 1.81101, 13.7314, 2658.71, 0.565269, 1047, 0.090962, 1.81101, 13.7314, 2625.21, 7.64261, 933, 0.112021, 1.81101, 13.7314, 2603.09, 0.312674, 747, 0.143569, 1.81101, 13.7314, 2569.96, 2.5995, 384, 0.195379, 1.81101, 13.7314, 2515.54, 9.99734, 173, 0.226115, 1.81101, 13.7314, 2483.26, 1.36209e-10
2547, -0.266466, 1.80903, 13.9548, 3197.8, 2.46739, 2289, -0.193869, 1.80903, 13.9548, 3121.82, 5.61007, 2141, -0.158412, 1.80903, 13.9548, 3084.71, 19.5923, 1985, -0.123344, 1.80903, 13.9548, 3048, 18.1625, 1832, -0.0888139, 1.80903, 13.9548, 3011.86, 8.49889, 1751, -0.0659469, 1.80903, 13.9548, 2987.92, 5.47684, 1617, -0.0322744, 1.80903, 13.9548, 2952.68, 1.46537, 1477, 0.0013592, 1.80903, 13.9548, 2917.48, 1.52383, 1390, 0.0233619, 1.80903, 13.9548, 2894.45, 1.62593, 1226, 0.056293, 1.80903, 13.9548, 2859.98, 0.842448, 1047, 0.0887671, 1.80903, 13.9548, 2825.99, 5.92652, 933, 0.110237, 1.80903, 13.9548, 2803.52, 1.98565, 747, 0.142339, 1.80903, 13.9548, 2769.91, 5.0417, 551, 0.173943, 1.80903, 13.9548, 2736.84, 5.6286e-11
2547, -0.266625, 1.81078, 14.178, 3083.74, 3.5342, 2289, -0.19284, 1.81078, 14.178, 3006.76, 3.96114, 2141, -0.156817, 1.81078, 14.178, 2969.18, 24.4821, 1985, -0.121225, 1.81078, 14.178, 2932.05, 21.7416, 1832, -0.0861781, 1.81078, 14.178, 2895.48, 9.96171, 1751, -0.0629843, 1.81078, 14.178, 2871.29, 7.12975, 1617, -0.028833, 1.81078, 14.178, 2835.66, 3.49038, 1477, 0.00526288, 1.81078, 14.178, 2800.09, 1.54112, 1390, 0.0275651, 1.81078, 14.178, 2776.82, 1.94643, 1226, 0.0609257, 1.81078, 14.178, 2742.01, 0.509532, 1047, 0.0938262, 1.81078, 14.178, 2707.69, 7.65621, 933, 0.115547, 1.81078, 14.178, 2685.03, 0.318665, 747, 0.148056, 1.81078, 14.178, 2651.11, 2.46556, 384, 0.201406, 1.81078, 14.178, 2595.45, 9.74569, 173, 0.23304, 1.81078, 14.178, 2562.45, 1.36209e-10
2547, -0.235951, 1.81048, 12.5653, 2723.66, 16.2404, 2289, -0.171832, 1.81048, 12.5653, 2654.94, 1.6086, 1985, -0.109141, 1.81048, 12.5653, 2587.74, 26.0441, 1832, -0.0783175, 1.81048, 12.5653, 2554.71, 11.3128, 1751, -0.0578681, 1.81048, 12.5653, 2532.79, 8.134, 1617, -0.0277034, 1.81048, 12.5653, 2500.45, 4.36131, 1477, 0.00251049, 1.81048, 12.5653, 2468.07, 0.795892, 1390, 0.0223145, 1.81048, 12.5653, 2446.84, 0.764954, 1226, 0.0519858, 1.81048, 12.5653, 2415.03, 0.0155784, 1047, 0.0813249, 1.81048, 12.5653, 2383.59, 3.42594, 933, 0.100744, 1.81048, 12.5653, 2362.77, 2.44453, 747, 0.129838, 1.81048, 12.5653, 2331.58, 5.87834, 551, 0.158545, 1.81048, 12.5653, 2300.81, 5.6286e-11
5053, 0.325505, 1.21137, 4.12749, 383.63, 0.775061, 4954, 0.337324, 1.21137, 4.12749, 361.584, 7.38431, 4840, 0.352039, 1.21137, 4.12749, 334.135, 1.0094, 4744, 0.363767, 1.21137, 4.12749, 312.259, 5.73808e-12
6351, 1.4587, 2.38058, -4.15389, 2594.34, 21.1567, 6192, 1.42728, 2.38058, -4.15389, 2536.02, 14.5198, 6129, 1.40959, 2.38058, -4.15389, 2503.17, 3.64485, 6004, 1.37437, 2.38058, -4.15389, 2437.79, 4.14905, 5941, 1.35684, 2.38058, -4.15389, 2405.25, 7.43038, 5882, 1.33948, 2.38058, -4.15389, 2373.02, 2.10708, 5810, 1.32226, 2.38058, -4.15389, 2341.06, 6.33725, 5740, 1.30499, 2.38058, -4.15389, 2308.99, 8.63388, 5673, 1.28777, 2.38058, -4.15389, 2277.02, 17.5099, 5571, 1.27069, 2.38058, -4.15389, 2245.32, 19.0066, 5398, 1.22415, 2.38058, -4.15389, 2158.91, 1.5244, 5337, 1.2073, 2.38058, -4.15389, 2127.63, 6.17847, 4967, 1.13243, 2.38058, -4.15389, 1988.64, 18.6511, 4878, 1.11596, 2.38058, -4.15389, 1958.06, 5.68748, 4760, 1.0955, 2.38058, -4.15389, 1920.1, 9.71146, 4543, 1.05871, 2.38058, -4.15389, 1851.79, 1.87419, 4312, 1.02227, 2.38058, -4.15389, 1784.14, 5.60028, 4001, 0.99407, 2.38058, -4.15389, 1731.78, 7.01323, 3851, 0.981996, 2.38058, -4.15389, 1709.36, 0.0346415, 3686, 0.969965, 2.38058, -4.15389, 1687.02, 11.8002, 3511, 0.957967, 2.38058, -4.15389, 1664.75, 6.14034, 3320, 0.946014, 2.38058, -4.15389, 1642.55, 0.127357, 3107, 0.934095, 2.38058, -4.15389, 1620.42, 4.39099, 2827, 0.910225, 2.38058, -4.15389, 1576.11, 8.43972e-10
4418, 1.0907, 2.42384, -4.04864, 1733.54, 10.5363, 4312, 1.07391, 2.42384, -4.04864, 1701.77, 16.884, 4168, 1.05722, 2.42384, -4.04864, 1670.17, 0.974098, 4001, 1.04463, 2.42384, -4.04864, 1646.34, 1.33256e-09
4636, 1.09706, 2.41344, -3.38861, 1769.98, 7.86343, 4418, 1.06582, 2.41344, -3.38861, 1701.94, 23.0215, 4312, 1.05205, 2.41344, -3.38861, 1671.94, 5.16279, 4168, 1.03833, 2.41344, -3.38861, 1642.07, 0.581952, 4001, 1.02798, 2.41344, -3.38861, 1619.52, 1.74441, 3851, 1.01765, 2.41344, -3.38861, 1597.03, 0.691315, 3686, 1.00736, 2.41344, -3.38861, 1574.61, 3.66251e-09
6192, 1.41283, 2.37169, -4.02456, 2521.87, 3.08386, 6129, 1.39597, 2.37169, -4.02456, 2489.82, 17.0048, 6004, 1.36238, 2.37169, -4.02456, 2425.96, 0.35283, 5941, 1.34566, 2.37169, -4.02456, 2394.17, 13.1927, 5882, 1.32909, 2.37169, -4.02456, 2362.65, 0.609172, 5810, 1.31265, 2.37169, -4.02456, 2331.39, 12.7467, 5740, 1.29615, 2.37169, -4.02456, 2300.03, 0.000325659, 5673, 1.27969, 2.37169, -4.02456, 2268.74, 0.303198, 5571, 1.26336, 2.37169, -4.02456, 2237.69, 12.0412, 5490, 1.24715, 2.37169, -4.02456, 2206.88, 24.1484, 5439, 1.23105, 2.37169, -4.02456, 2176.27, 1.20249e-10
6351, 1.4604, 2.38732, -4.08029, 2562.94, 13.6807, 6192, 1.42929, 2.38732, -4.08029, 2504.4, 21.2088, 6129, 1.41176, 2.38732, -4.08029, 2471.42, 0.267303, 6004, 1.37687, 2.38732, -4.08029, 2405.77, 8.04428, 5941, 1.35951, 2.38732, -4.08029, 2373.12, 6.36533, 5882, 1.34231, 2.38732, -4.08029, 2340.75, 0.0567164, 5810, 1.32525, 2.38732, -4.08029, 2308.66, 4.7716e-09
1557, 1.83553, 1.10134, -19.4952, 2332.33, 9.23273, 1447, 1.78635, 1.10134, -19.4952, 2283.54, 10.2438, 1367, 1.73921, 1.10134, -19.4952, 2236.78, 2.76856e-10
866, 1.28029, 2.74665, 3.14293, 1543.93, 2.65816, 668, 1.29635, 2.74665, 3.14293, 1506.7, 2.58135, 452, 1.31237, 2.74665, 3.14293, 1469.58, 1.86684, 91, 1.33893, 2.74665, 3.14293, 1408.02, 2.93742e-09
1898, 1.2867, 2.72466, 1.94196, 1696.28, 27.7003, 1624, 1.3054, 2.72466, 1.94196, 1629.71, 18.7234, 1231, 1.33028, 2.72466, 1.94196, 1541.1, 13.2203, 866, 1.34891, 2.72466, 1.94196, 1474.73, 1.63272, 668, 1.35821, 2.72466, 1.94196, 1441.59, 15.4471, 452, 1.36752, 2.72466, 1.94196, 1408.48, 1.15026e-09
1898, 1.28429, 2.72436, 2.01977, 1709.75, 26.3872, 1624, 1.30373, 2.72436, 2.01977, 1643.01, 16.6199, 1231, 1.32959, 2.72436, 2.01977, 1554.2, 11.4802, 866, 1.34897, 2.72436, 2.01977, 1487.65, 4.36681, 668, 1.35865, 2.72436, 2.01977, 1454.42, 24.6732, 452, 1.36831, 2.72436, 2.01977, 1421.3, 1.15026e-09
2063, 1.2818, 2.73202, 1.43702, 1685.34, 23.6642, 1898, 1.28885, 2.73202, 1.43702, 1651.95, 12.0306, 1759, 1.2959, 2.73202, 1.43702, 1618.6, 1.93326, 1395, 1.31467, 2.73202, 1.43702, 1529.72, 4.98874, 1232, 1.32172, 2.73202, 1.43702, 1496.31, 19.2891, 1055, 1.32876, 2.73202, 1.43702, 1462.97, 1.12501, 335, 1.35452, 2.73202, 1.43702, 1340.99, 4.54433e-09
2063, 1.28306, 2.73199, 1.39265, 1684.81, 23.2537, 1898, 1.28989, 2.73199, 1.39265, 1651.47, 12.2765, 1759, 1.29672, 2.73199, 1.39265, 1618.17, 2.07288, 1395, 1.31491, 2.73199, 1.39265, 1529.4, 4.76174, 1232, 1.32174, 2.73199, 1.39265, 1496.04, 18.6836, 1055, 1.32856, 2.73199, 1.39265, 1462.73, 1.67177, 335, 1.35353, 2.73199, 1.39265, 1340.88, 4.54433e-09
1898, 1.30981, 2.71769, 1.4833, 1676.13, 4.51507, 1624, 1.32383, 2.71769, 1.4833, 1611.74, 0.949829, 1231, 1.34251, 2.71769, 1.4833, 1525.91, 14.3237, 866, 1.35654, 2.71769, 1.4833, 1461.53, 6.30904e-10
1898, 1.29947, 2.71901, 1.54275, 1673.96, 8.89207, 1624, 1.31411, 2.71901, 1.54275, 1609.17, 3.74273, 1231, 1.33363, 2.71901, 1.54275, 1522.83, 11.2466, 866, 1.34827, 2.71901, 1.54275, 1458.03, 0.991374, 668, 1.35559, 2.71901, 1.54275, 1425.68, 7.73717e-10
1898, 1.29576, 2.71773, 2.21, 1713.63, 6.23061, 1624, 1.31669, 2.71773, 2.21, 1647.52, 1.85049, 1231, 1.34454, 2.71773, 2.21, 1559.54, 12.5054, 866, 1.36542, 2.71773, 2.21, 1493.57, 6.30904e-10
1624, 1.29384, 2.76513, 1.89543, 1606.68, 26.5747, 1395, 1.31054, 2.76513, 1.89543, 1545.86, 1.10801, 1232, 1.32059, 2.76513, 1.89543, 1509.26, 1.34112e-09
2559, 1.27252, 2.70503, 1.85516, 1823.93, 1.60382, 2477, 1.27824, 2.70503, 1.85516, 1802.65, 23.9063, 2215, 1.29538, 2.70503, 1.85516, 1738.98, 10.4399, 2063, 1.30393, 2.70503, 1.85516, 1707.22, 17.4049, 1898, 1.31245, 2.70503, 1.85516, 1675.55, 2.3613, 1759, 1.32096, 2.70503, 1.85516, 1643.89, 28.9788, 1624, 1.32938, 2.70503, 1.85516, 1612.55, 4.39496, 1483, 1.33783, 2.70503, 1.85516, 1581.12, 1.5353e-10
1624, 1.30153, 2.77932, 1.38333, 1581.63, 26.5663, 1395, 1.31411, 2.77932, 1.38333, 1519.83, 8.71416e-10
2559, 1.29129, 2.70248, 1.15645, 1800.96, 13.3613, 2477, 1.29482, 2.70248, 1.15645, 1780.28, 0.307222, 2353, 1.30013, 2.70248, 1.15645, 1749.29, 24.5931, 2215, 1.30543, 2.70248, 1.15645, 1718.33, 4.53139, 2063, 1.31072, 2.70248, 1.15645, 1687.42, 8.91164, 1898, 1.31598, 2.70248, 1.15645, 1656.66, 18.8381, 1759, 1.32126, 2.70248, 1.15645, 1625.77, 3.64511e-09
2559, 1.29102, 2.70424, 1.13855, 1802.87, 2.42631, 2477, 1.29452, 2.70424, 1.13855, 1782.12, 15.7358, 2215, 1.305, 2.70424, 1.13855, 1719.95, 6.05047, 2063, 1.31023, 2.70424, 1.13855, 1688.91, 11.1512, 1898, 1.31545, 2.70424, 1.13855, 1657.91, 6.99718, 1759, 1.32067, 2.70424, 1.13855, 1626.92, 13.1924, 1624, 1.32587, 2.70424, 1.13855, 1596.05, 16.5275, 1483, 1.33108, 2.70424, 1.13855, 1565.14, 1.5353e-10
2559, 1.28447, 2.70247, 1.66512, 1825.68, 13.0699, 2477, 1.28957, 2.70247, 1.66512, 1804.7, 0.345763, 2353, 1.29721, 2.70247, 1.66512, 1773.26, 24.6697, 2215, 1.30485, 2.70247, 1.66512, 1741.88, 4.43964, 2063, 1.31246, 2.70247, 1.66512, 1710.55, 8.64653, 1898, 1.32004, 2.70247, 1.66512, 1679.39, 19.3898, 1759, 1.32764, 2.70247, 1.66512, 1648.11, 3.64511e-09
2598, 0.742799, 1.92273, 13.7453, 3441.41, 4.02677, 2476, 0.77936, 1.92273, 13.7453, 3403.02, 16.8129, 2145, 0.862391, 1.92273, 13.7453, 3315.84, 4.74462, 1990, 0.897, 1.92273, 13.7453, 3279.5, 1.47937, 1900, 0.920032, 1.92273, 13.7453, 3255.32, 17.4571, 1626, 0.98769, 1.92273, 13.7453, 3184.27, 2.65047e-10
1900, 1.11569, 1.94021, 8.72061, 2193.52, 10.2513, 1626, 1.15479, 1.94021, 8.72061, 2146.39, 0.0994313, 1485, 1.17436, 1.94021, 8.72061, 2122.81, 0.25863, 1340, 1.19377, 1.94021, 8.72061, 2099.42, 0.278729, 1165, 1.21303, 1.94021, 8.72061, 2076.21, 1.21223, 1057, 1.22592, 1.94021, 8.72061, 2060.67, 1.24457, 868, 1.2452, 1.94021, 8.72061, 2037.44, 2.65074e-10
1900, 1.10118, 1.93968, 10.3496, 2453.6, 7.2384, 1626, 1.1478, 1.93968, 10.3496, 2400.8, 0.0438696, 1485, 1.17107, 1.93968, 10.3496, 2374.45, 0.299219, 1340, 1.19411, 1.93968, 10.3496, 2348.35, 0.2108, 1165, 1.21695, 1.93968, 10.3496, 2322.49, 1.36487, 1057, 1.23222, 1.93968, 10.3496, 2305.19, 1.02413, 868, 1.25503, 1.93968, 10.3496, 2279.36, 2.65074e-10
1900, 1.09501, 1.93881, 9.20983, 2252.34, 3.60772, 1626, 1.13662, 1.93881, 9.20983, 2203.25, 0.519999, 1485, 1.15744, 1.93881, 9.20983, 2178.69, 0.0208226, 1340, 1.17807, 1.93881, 9.20983, 2154.35, 0.715756, 1165, 1.19852, 1.93881, 9.20983, 2130.22, 1.09279, 1057, 1.21225, 1.93881, 9.20983, 2114.03, 1.0302e-10
2436, -2.56027, 1.87116, -11.6751, 452.614, 4.59035, 2301, -2.58851, 1.87116, -11.6751, 421.772, 19.521, 2151, -2.61648, 1.87116, -11.6751, 391.208, 14.8854, 1909, -2.66252, 1.87116, -11.6751, 340.915, 9.93516, 1772, -2.68982, 1.87116, -11.6751, 311.089, 1.4609, 1636, -2.71688, 1.87116, -11.6751, 281.528, 12.3233, 1549, -2.73491, 1.87116, -11.6751, 261.827, 3.35449, 1405, -2.76163, 1.87116, -11.6751, 232.631, 0.661806, 1243, -2.78823, 1.87116, -11.6751, 203.578, 6.23804, 1128, -2.80591, 1.87116, -11.6751, 184.263, 0.158321, 940, -2.83213, 1.87116, -11.6751, 155.614, 0.907697, 753, -2.85829, 1.87116, -11.6751, 127.034, 0.700292, 603, -2.87566, 1.87116, -11.6751, 108.059, 4.29383, 390, -2.90145, 1.87116, -11.6751, 79.8768, 2.41081e-13
2436, -2.56054, 1.87155, -11.6614, 450.949, 4.54543, 2301, -2.58874, 1.87155, -11.6614, 420.133, 19.4846, 2151, -2.61668, 1.87155, -11.6614, 389.595, 14.7785, 1909, -2.66266, 1.87155, -11.6614, 339.344, 9.44742, 1772, -2.68993, 1.87155, -11.6614, 309.543, 1.41542, 1636, -2.71696, 1.87155, -11.6614, 280.005, 11.8775, 1549, -2.73497, 1.87155, -11.6614, 260.318, 3.69978, 1405, -2.76167, 1.87155, -11.6614, 231.144, 0.524076, 1243, -2.78824, 1.87155, -11.6614, 202.112, 5.6144, 1128, -2.8059, 1.87155, -11.6614, 182.81, 0.0390253, 940, -2.8321, 1.87155, -11.6614, 154.178, 0.783828, 753, -2.85823, 1.87155, -11.6614, 125.616, 0.515908, 603, -2.87558, 1.87155, -11.6614, 106.652, 4.6399, 390, -2.90136, 1.87155, -11.6614, 78.4867, 2.41081e-13
2436, -2.59005, 1.87049, -10.2288, 412.292, 29.1234, 2151, -2.63858, 1.87049, -10.2288, 357.122, 27.5221, 1909, -2.67848, 1.87049, -10.2288, 311.765, 15.7071, 1772, -2.70219, 1.87049, -10.2288, 284.81, 3.94545, 1636, -2.72574, 1.87049, -10.2288, 258.035, 17.0239, 1549, -2.74146, 1.87049, -10.2288, 240.165, 1.53879, 1405, -2.76479, 1.87049, -10.2288, 213.638, 0.564103, 1243, -2.78804, 1.87049, -10.2288, 187.211, 8.22657, 1128, -2.80352, 1.87049, -10.2288, 169.607, 0.463115, 940, -2.82652, 1.87049, -10.2288, 143.463, 1.31442, 753, -2.84948, 1.87049, -10.2288, 117.355, 0.976108, 603, -2.86475, 1.87049, -10.2288, 99.9914, 3.92884, 390, -2.88746, 1.87049, -10.2288, 74.1768, 2.41081e-13
2436, -2.54893, 1.87296, -11.9617, 453.544, 0.580884, 2301, -2.57803, 1.87296, -11.9617, 421.959, 8.84269, 2151, -2.6069, 1.87296, -11.9617, 390.623, 5.52302, 1909, -2.65434, 1.87296, -11.9617, 339.129, 3.52353, 1772, -2.68247, 1.87296, -11.9617, 308.602, 0.181457, 1636, -2.71033, 1.87296, -11.9617, 278.356, 3.927, 1549, -2.7289, 1.87296, -11.9617, 258.203, 13.153, 1405, -2.7564, 1.87296, -11.9617, 228.355, 5.16331, 1243, -2.78378, 1.87296, -11.9617, 198.643, 0.518197, 1128, -2.80196, 1.87296, -11.9617, 178.907, 2.59014, 940, -2.82892, 1.87296, -11.9617, 149.647, 0.466873, 753, -2.85584, 1.87296, -11.9617, 120.424, 4.73937e-12
2436, -2.58669, 1.87182, -10.7962, 422.426, 29.5812, 2151, -2.63801, 1.87182, -10.7962, 365.082, 28.7042, 1909, -2.68014, 1.87182, -10.7962, 318.001, 15.3673, 1772, -2.70514, 1.87182, -10.7962, 290.056, 4.51892, 1636, -2.72997, 1.87182, -10.7962, 262.309, 16.9733, 1549, -2.74653, 1.87182, -10.7962, 243.805, 2.11651, 1405, -2.7711, 1.87182, -10.7962, 216.348, 0.0493835, 1243, -2.79555, 1.87182, -10.7962, 189.021, 7.10046, 1128, -2.81184, 1.87182, -10.7962, 170.819, 0.0900885, 940, -2.83602, 1.87182, -10.7962, 143.793, 0.810823, 753, -2.86013, 1.87182, -10.7962, 116.852, 0.665901, 603, -2.87617, 1.87182, -10.7962, 98.9176, 5.25877, 390, -2.90003, 1.87182, -10.7962, 72.2556, 1.1224, 179, -2.92385, 1.87182, -10.7962, 45.633, 1.89392e-11
1909, -2.71321, 1.86797, -9.60438, 293.473, 21.6979, 1772, -2.73506, 1.86797, -9.60438, 268.088, 7.41497, 1636, -2.75689, 1.86797, -9.60438, 242.729, 21.52, 1549, -2.77141, 1.86797, -9.60438, 225.859, 0.913906, 1405, -2.793, 1.86797, -9.60438, 200.783, 0.380061, 1243, -2.81455, 1.86797, -9.60438, 175.752, 9.27296, 1128, -2.8289, 1.86797, -9.60438, 159.08, 0.527132, 940, -2.85024, 1.86797, -9.60438, 134.289, 1.32102, 753, -2.87153, 1.86797, -9.60438, 109.551, 1.34853, 603, -2.88573, 1.86797, -9.60438, 93.0593, 4.42221, 390, -2.90686, 1.86797, -9.60438, 68.5128, 1.39966, 179, -2.92795, 1.86797, -9.60438, 44.0066, 1.89392e-11
2436, -2.5605, 1.87155, -11.6639, 451.022, 4.53436, 2301, -2.5887, 1.87155, -11.6639, 420.2, 19.4632, 2151, -2.61665, 1.87155, -11.6639, 389.657, 14.7619, 1909, -2.66264, 1.87155, -11.6639, 339.397, 9.44127, 1772, -2.68992, 1.87155, -11.6639, 309.591, 1.41298, 1636, -2.71695, 1.87155, -11.6639, 280.048, 11.8732, 1549, -2.73497, 1.87155, -11.6639, 260.359, 3.70152, 1405, -2.76167, 1.87155, -11.6639, 231.18, 0.524522, 1243, -2.78824, 1.87155, -11.6639, 202.143, 5.61443, 1128, -2.80591, 1.87155, -11.6639, 182.838, 0.0390503, 940, -2.83211, 1.87155, -11.6639, 154.202, 0.784284, 753, -2.85825, 1.87155, -11.6639, 125.636, 0.516153, 603, -2.87561, 1.87155, -11.6639, 106.67, 4.63926, 390, -2.90139, 1.87155, -11.6639, 78.5001, 2.41081e-13
2436, -2.5575, 1.87207, -11.6227, 448.711, 3.14237, 2301, -2.58566, 1.87207, -11.6227, 417.917, 17.0302, 2151, -2.61357, 1.87207, -11.6227, 387.387, 13.6191, 1909, -2.65949, 1.87207, -11.6227, 337.159, 9.03309, 1772, -2.68672, 1.87207, -11.6227, 307.373, 1.48601, 1636, -2.71371, 1.87207, -11.6227, 277.846, 11.8733, 1549, -2.73169, 1.87207, -11.6227, 258.174, 3.97203, 1405, -2.75835, 1.87207, -11.6227, 229.02, 0.442223, 1243, -2.78489, 1.87207, -11.6227, 199.991, 4.39743, 1128, -2.80252, 1.87207, -11.6227, 180.702, 0.124557, 940, -2.82868, 1.87207, -11.6227, 152.089, 0.515051, 753, -2.8548, 1.87207, -11.6227, 123.516, 4.73937e-12
2436, -2.5825, 1.8709, -11.037, 430.88, 27.1577, 2151, -2.63505, 1.8709, -11.037, 372.542, 27.5866, 1909, -2.67817, 1.8709, -11.037, 324.674, 16.0546, 1772, -2.70375, 1.8709, -11.037, 296.274, 4.59911, 1636, -2.72915, 1.8709, -11.037, 268.082, 18.2463, 1549, -2.74608, 1.8709, -11.037, 249.288, 1.25682, 1405, -2.77119, 1.8709, -11.037, 221.411, 0.382041, 1243, -2.79618, 1.8709, -11.037, 193.669, 9.31261, 1128, -2.81281, 1.8709, -11.037, 175.199, 0.66037, 940, -2.83751, 1.8709, -11.037, 147.784, 1.74961, 753, -2.86212, 1.8709, -11.037, 120.461, 1.53308, 603, -2.8785, 1.8709, -11.037, 102.28, 3.55364, 390, -2.90284, 1.8709, -11.037, 75.2545, 1.13301, 179, -2.92714, 1.8709, -11.037, 48.279, 1.89392e-11
2436, -2.53571, 1.8765, -12.8501, 472.541, 0.00276933, 2301, -2.56724, 1.8765, -12.8501, 438.925, 5.80249, 2151, -2.5985, 1.8765, -12.8501, 405.609, 3.58582, 1909, -2.64975, 1.8765, -12.8501, 350.972, 3.03534, 1772, -2.68006, 1.8765, -12.8501, 318.652, 0.143961, 1636, -2.71009, 1.8765, -12.8501, 286.647, 5.42461, 1549, -2.73005, 1.8765, -12.8501, 265.361, 9.08692, 1405, -2.75959, 1.8765, -12.8501, 233.868, 2.29144, 1243, -2.78899, 1.8765, -12.8501, 202.531, 3.94967, 1128, -2.80848, 1.8765, -12.8501, 181.749, 0.38836, 940, -2.83737, 1.8765, -12.8501, 150.957, 1.63259, 753, -2.86618, 1.8765, -12.8501, 120.236, 4.33554, 603, -2.88527, 1.8765, -12.8501, 99.8855, 5.7665e-12
2436, -2.55363, 1.87122, -11.9758, 460.077, 2.24106, 2301, -2.58268, 1.87122, -11.9758, 428.554, 13.6802, 2151, -2.61148, 1.87122, -11.9758, 397.303, 9.46363, 1909, -2.65883, 1.87122, -11.9758, 345.93, 6.70694, 1772, -2.6869, 1.87122, -11.9758, 315.478, 0.214103, 1636, -2.7147, 1.87122, -11.9758, 285.307, 7.63834, 1549, -2.73323, 1.87122, -11.9758, 265.203, 7.34177, 1405, -2.76068, 1.87122, -11.9758, 235.422, 2.51999, 1243, -2.78798, 1.87122, -11.9758, 205.792, 2.91468, 1128, -2.80613, 1.87122, -11.9758, 186.1, 0.959046, 940, -2.83305, 1.87122, -11.9758, 156.897, 0.0183687, 753, -2.8599, 1.87122, -11.9758, 127.765, 0.403834, 603, -2.87771, 1.87122, -11.9758, 108.432, 5.71374, 390, -2.90417, 1.87122, -11.9758, 79.7281, 2.41081e-13
2436, -2.5612, 1.87139, -11.527, 447.007, 3.83252, 2301, -2.58906, 1.87139, -11.527, 416.47, 17.1552, 2151, -2.61668, 1.87139, -11.527, 386.192, 12.0583, 1909, -2.66213, 1.87139, -11.527, 336.362, 7.56041, 1772, -2.6891, 1.87139, -11.527, 306.796, 0.430225, 1636, -2.71582, 1.87139, -11.527, 277.493, 8.31257, 1549, -2.73365, 1.87139, -11.527, 257.952, 6.76903, 1405, -2.76006, 1.87139, -11.527, 228.99, 2.28212, 1243, -2.78635, 1.87139, -11.527, 200.169, 2.94118, 1128, -2.80384, 1.87139, -11.527, 180.998, 0.948109, 940, -2.82978, 1.87139, -11.527, 152.559, 0.0126583, 753, -2.85566, 1.87139, -11.527, 124.179, 0.410968, 603, -2.87285, 1.87139, -11.527, 105.336, 5.83482, 390, -2.89838, 1.87139, -11.527, 77.3528, 2.41081e-13
2436, -2.53209, 1.87297, -12.5601, 475.094, 0.521602, 2301, -2.56293, 1.87297, -12.5601, 442.034, 2.98883, 2151, -2.59354, 1.87297, -12.5601, 409.223, 1.56788, 1909, -2.64374, 1.87297, -12.5601, 355.409, 4.03132, 1772, -2.67346, 1.87297, -12.5601, 323.555, 0.577121, 1636, -2.7029, 1.87297, -12.5601, 291.998, 3.83786, 1549, -2.72248, 1.87297, -12.5601, 271.009, 12.2702, 1405, -2.75145, 1.87297, -12.5601, 239.957, 3.3327, 1243, -2.78031, 1.87297, -12.5601, 209.018, 3.4914, 1128, -2.79943, 1.87297, -12.5601, 188.521, 3.40183e-12
2436, -2.52938, 1.87254, -13.314, 498.134, 0.30255, 2301, -2.56212, 1.87254, -13.314, 463.512, 4.69311, 2151, -2.59456, 1.87254, -13.314, 429.212, 3.27319, 1909, -2.6477, 1.87254, -13.314, 373.028, 4.85599, 1772, -2.6791, 1.87254, -13.314, 339.826, 0.0502563, 1636, -2.71018, 1.87254, -13.314, 306.966, 5.85691, 1549, -2.73083, 1.87254, -13.314, 285.128, 9.47843, 1405, -2.76138, 1.87254, -13.314, 252.828, 3.37956, 1243, -2.79176, 1.87254, -13.314, 220.705, 2.53123, 1128, -2.81189, 1.87254, -13.314, 199.411, 1.14271, 940, -2.84173, 1.87254, -13.314, 167.868, 1.64442e-11
2436, -2.54793, 1.87423, -11.3166, 436.446, 0.103302, 2301, -2.57548, 1.87423, -11.3166, 406.081, 5.63075, 2151, -2.60287, 1.87423, -11.3166, 375.901, 3.02177, 1909, -2.64791, 1.87423, -11.3166, 326.263, 3.43216, 1772, -2.67464, 1.87423, -11.3166, 296.798, 0.37969, 1636, -2.70116, 1.87423, -11.3166, 267.572, 3.39936, 1549, -2.71884, 1.87423, -11.3166, 248.094, 13.0387, 1405, -2.74502, 1.87423, -11.3166, 219.238, 3.61802, 1243, -2.77114, 1.87423, -11.3166, 190.45, 3.15488, 1128, -2.78847, 1.87423, -11.3166, 171.351, 3.40183e-12
4390, -1.96343, 1.87037, -13.726, 1064.24, 5.37048, 4177, -2.05301, 1.87037, -13.726, 970.151, 8.09815, 4015, -2.09585, 1.87037, -13.726, 925.152, 24.2859, 3626, -2.19211, 1.87037, -13.726, 824.052, 7.52421, 3405, -2.24477, 1.87037, -13.726, 768.739, 10.2178, 3223, -2.28332, 1.87037, -13.726, 728.246, 19.7993, 3033, -2.3213, 1.87037, -13.726, 688.356, 21.291, 2887, -2.35841, 1.87037, -13.726, 649.381, 1.45069, 2759, -2.3951, 1.87037, -13.726, 610.838, 18.6506, 2636, -2.43099, 1.87037, -13.726, 573.144, 5.45456, 2436, -2.48986, 1.87037, -13.726, 511.31, 2.12737, 2301, -2.52435, 1.87037, -13.726, 475.082, 1.24797, 2151, -2.55863, 1.87037, -13.726, 439.079, 0.866019, 1909, -2.61457, 1.87037, -13.726, 380.321, 4.06501, 1772, -2.64756, 1.87037, -13.726, 345.667, 0.0155505, 1636, -2.68024, 1.87037, -13.726, 311.334, 7.61123, 1549, -2.70189, 1.87037, -13.726, 288.603, 5.04403, 1405, -2.73384, 1.87037, -13.726, 255.041, 6.81882e-12
3223, -2.3253, 1.87416, -12.4281, 671.535, 3.10042, 2887, -2.39148, 1.87416, -12.4281, 600.407, 0.62709, 2759, -2.42408, 1.87416, -12.4281, 565.373, 26.03, 2636, -2.45593, 1.87416, -12.4281, 531.137, 8.62093, 2436, -2.50852, 1.87416, -12.4281, 474.623, 1.29531, 2301, -2.53943, 1.87416, -12.4281, 441.403, 1.57719, 2151, -2.57021, 1.87416, -12.4281, 408.313, 0.813227, 1909, -2.62062, 1.87416, -12.4281, 354.143, 3.62003, 1772, -2.65045, 1.87416, -12.4281, 322.078, 0.117061, 1636, -2.68003, 1.87416, -12.4281, 290.291, 6.47664, 1549, -2.69967, 1.87416, -12.4281, 269.18, 5.81234, 1405, -2.72871, 1.87416, -12.4281, 237.969, 6.81882e-12
4390, -1.98285, 1.86947, -13.329, 1035.9, 25.2933, 3626, -2.20157, 1.86947, -13.329, 804.687, 13.9194, 3405, -2.25228, 1.86947, -13.329, 751.072, 16.0722, 3223, -2.28945, 1.86947, -13.329, 711.783, 14.1149, 3033, -2.32613, 1.86947, -13.329, 673.008, 26.2283, 2887, -2.362, 1.86947, -13.329, 635.088, 0.587451, 2759, -2.39751, 1.86947, -13.329, 597.554, 22.0906, 2636, -2.43226, 1.86947, -13.329, 560.809, 7.31168, 2436, -2.48932, 1.86947, -13.329, 500.492, 2.54624, 2301, -2.52278, 1.86947, -13.329, 465.114, 0.422342, 2151, -2.55609, 1.86947, -13.329, 429.906, 0.178702, 1909, -2.61049, 1.86947, -13.329, 372.397, 3.17668, 1772, -2.64261, 1.86947, -13.329, 338.434, 5.41857, 1636, -2.67446, 1.86947, -13.329, 304.767, 1.8372e-12
4390, -1.98575, 1.87246, -13.1287, 1008.31, 24.3218, 3626, -2.20102, 1.87246, -13.1287, 779.964, 7.87431, 3405, -2.25104, 1.87246, -13.1287, 726.903, 7.95055, 3223, -2.28775, 1.87246, -13.1287, 687.965, 27.7433, 3033, -2.32396, 1.87246, -13.1287, 649.555, 13.3397, 2887, -2.35942, 1.87246, -13.1287, 611.938, 7.57658, 2759, -2.39452, 1.87246, -13.1287, 574.714, 4.77463, 2636, -2.42892, 1.87246, -13.1287, 538.218, 0.548273, 2507, -2.46301, 1.87246, -13.1287, 502.066, 23.7659, 2436, -2.48543, 1.87246, -13.1287, 478.284, 6.516, 2301, -2.51857, 1.87246, -13.1287, 443.124, 0.109633, 2151, -2.55156, 1.87246, -13.1287, 408.137, 0.568449, 1909, -2.60547, 1.87246, -13.1287, 350.954, 3.96286, 1772, -2.63728, 1.87246, -13.1287, 317.212, 0.173292, 1636, -2.66886, 1.87246, -13.1287, 283.708, 14.8531, 1549, -2.68975, 1.87246, -13.1287, 261.55, 2.20668e-12
4390, -1.96467, 1.87161, -13.5632, 1035.38, 12.0629, 4177, -2.05306, 1.87161, -13.5632, 942.292, 0.919471, 4015, -2.09534, 1.87161, -13.5632, 897.77, 11.9951, 3626, -2.19055, 1.87161, -13.5632, 797.515, 0.976095, 3405, -2.24265, 1.87161, -13.5632, 742.647, 1.04295, 3033, -2.31846, 1.87161, -13.5632, 662.823, 9.21169, 2887, -2.35525, 1.87161, -13.5632, 624.074, 11.4483, 2759, -2.3916, 1.87161, -13.5632, 585.798, 2.83914, 2636, -2.42721, 1.87161, -13.5632, 548.299, 1.1435, 2507, -2.46245, 1.87161, -13.5632, 511.195, 21.0594, 2436, -2.48562, 1.87161, -13.5632, 486.796, 7.83922, 2301, -2.51984, 1.87161, -13.5632, 450.76, 0.329569, 2151, -2.55386, 1.87161, -13.5632, 414.931, 0.720289, 1909, -2.60941, 1.87161, -13.5632, 356.439, 2.69149, 1772, -2.64216, 1.87161, -13.5632, 321.944, 0.0426215, 1636, -2.67465, 1.87161, -13.5632, 287.734, 14.6475, 1549, -2.69614, 1.87161, -13.5632, 265.101, 2.20668e-12
4390, -1.97304, 1.86635, -13.2774, 1043.68, 1.34038, 4177, -2.05875, 1.86635, -13.2774, 952.994, 10.1516, 4015, -2.09987, 1.86635, -13.2774, 909.489, 20.9726, 3626, -2.19257, 1.86635, -13.2774, 811.406, 5.59019, 3405, -2.24341, 1.86635, -13.2774, 757.615, 6.93078, 3223, -2.28073, 1.86635, -13.2774, 718.136, 27.8914, 3033, -2.31748, 1.86635, -13.2774, 679.244, 10.3842, 2887, -2.35348, 1.86635, -13.2774, 641.158, 7.00216, 2759, -2.38908, 1.86635, -13.2774, 603.489, 5.01618, 2636, -2.42396, 1.86635, -13.2774, 566.584, 1.09203, 2507, -2.45852, 1.86635, -13.2774, 530.02, 26.1701, 2436, -2.48122, 1.86635, -13.2774, 506.001, 5.18454, 2301, -2.51482, 1.86635, -13.2774, 470.458, 0.0338229, 2151, -2.54819, 1.86635, -13.2774, 435.144, 0.493856, 1909, -2.60276, 1.86635, -13.2774, 377.405, 1.80102e-12
4390, -1.9909, 1.86999, -12.9154, 1010.88, 29.4938, 3626, -2.20176, 1.86999, -12.9154, 786.346, 9.60794, 3405, -2.25089, 1.86999, -12.9154, 734.032, 9.83568, 3223, -2.28698, 1.86999, -12.9154, 695.606, 23.6612, 3033, -2.32259, 1.86999, -12.9154, 657.688, 14.0034, 2887, -2.35749, 1.86999, -12.9154, 620.525, 5.46706, 2759, -2.39204, 1.86999, -12.9154, 583.737, 6.29456, 2636, -2.42593, 1.86999, -12.9154, 547.653, 0.86661, 2507, -2.45951, 1.86999, -12.9154, 511.892, 28.3987, 2436, -2.4816, 1.86999, -12.9154, 488.373, 4.91564, 2301, -2.51428, 1.86999, -12.9154, 453.573, 0.635086, 2151, -2.54679, 1.86999, -12.9154, 418.951, 0.694561, 1909, -2.59997, 1.86999, -12.9154, 362.322, 4.03167, 1772, -2.63134, 1.86999, -12.9154, 328.918, 1.41567e-11
4390, -1.96802, 1.86965, -13.4383, 1036.18, 7.63124, 4177, -2.05526, 1.86965, -13.4383, 944.131, 1.89851, 4015, -2.09703, 1.86965, -13.4383, 900.055, 11.185, 3626, -2.19117, 1.86965, -13.4383, 800.719, 0.40225, 3405, -2.24274, 1.86965, -13.4383, 746.311, 0.434577, 3033, -2.3178, 1.86965, -13.4383, 667.099, 10.2749, 2887, -2.35426, 1.86965, -13.4383, 628.628, 8.80233, 2759, -2.39028, 1.86965, -13.4383, 590.62, 4.05022, 2636, -2.42559, 1.86965, -13.4383, 553.369, 0.626419, 2507, -2.46052, 1.86965, -13.4383, 516.503, 25.3739, 2436, -2.48349, 1.86965, -13.4383, 492.265, 5.13586, 2301, -2.51744, 1.86965, -13.4383, 456.446, 0.0205694, 2151, -2.55119, 1.86965, -13.4383, 420.833, 0.0559499, 1909, -2.60631, 1.86965, -13.4383, 362.666, 2.97071, 1772, -2.63882, 1.86965, -13.4383, 328.369, 1.41567e-11
3626, -2.21814, 1.86738, -12.3661, 781.276, 12.2497, 3405, -2.26459, 1.86738, -12.3661, 731.291, 12.2204, 3223, -2.29872, 1.86738, -12.3661, 694.56, 20.7092, 3033, -2.33252, 1.86738, -12.3661, 658.187, 14.3927, 2887, -2.36566, 1.86738, -12.3661, 622.527, 4.50966, 2759, -2.39853, 1.86738, -12.3661, 587.148, 7.54647, 2636, -2.43081, 1.86738, -12.3661, 552.413, 1.69562, 2507, -2.46285, 1.86738, -12.3661, 517.942, 28.9591, 2436, -2.48393, 1.86738, -12.3661, 495.246, 5.01053, 2301, -2.51516, 1.86738, -12.3661, 461.642, 0.0918465, 2151, -2.54627, 1.86738, -12.3661, 428.167, 0.149004, 1909, -2.59721, 1.86738, -12.3661, 373.345, 1.80102e-12
