# format: (space-point-index, phi, theta, q/p, t, chi2)+
1558, -2.96736, 1.04822, 16.2614, 2174.68, 12.6691, 1213, -2.86155, 1.04822, 16.2614, 2067.03, 20.9952, 1086, -2.82761, 1.04822, 16.2614, 2032.49, 11.9645, 892, -2.77749, 1.04822, 16.2614, 1981.5, 23.4157, 726, -2.72864, 1.04822, 16.2614, 1931.79, 2.74094e-10
1086, -2.73718, 1.05449, 14.7239, 1864.74, 0.538318, 892, -2.69495, 1.05449, 14.7239, 1821.02, 2.12415, 726, -2.65367, 1.05449, 14.7239, 1778.27, 7.20072, 629, -2.62641, 1.05449, 14.7239, 1750.04, 4.58603, 451, -2.58613, 1.05449, 14.7239, 1708.34, 4.90951, 239, -2.54638, 1.05449, 14.7239, 1667.17, 6.87848e-11
892, -2.67979, 1.06017, 16.2154, 1996.09, 0.214974, 726, -2.63499, 1.06017, 16.2154, 1950.48, 12.0188, 629, -2.6055, 1.06017, 16.2154, 1920.47, 1.83833, 451, -2.562, 1.06017, 16.2154, 1876.18, 3.44655, 239, -2.51912, 1.06017, 16.2154, 1832.54, 1.79513, 110, -2.49095, 1.06017, 16.2154, 1803.86, 4.46034e-11
892, -2.67686, 1.06357, 14.1717, 1800.32, 1.20184, 726, -2.63782, 1.06357, 14.1717, 1759.59, 9.00704, 629, -2.61201, 1.06357, 14.1717, 1732.66, 5.30006, 451, -2.57384, 1.06357, 14.1717, 1692.84, 3.48068, 239, -2.53608, 1.06357, 14.1717, 1653.43, 2.80015, 110, -2.51117, 1.06357, 14.1717, 1627.45, 4.46034e-11
4453, -0.544618, 0.86921, -11.3669, 3371, 19.7603, 3644, -0.759935, 0.86921, -11.3669, 3133.99, 9.03323, 3414, -0.802759, 0.86921, -11.3669, 3086.86, 29.2187, 3231, -0.830821, 0.86921, -11.3669, 3055.97, 12.624, 2988, -0.872145, 0.86921, -11.3669, 3010.49, 16.4627, 2734, -0.912499, 0.86921, -11.3669, 2966.07, 2.86304e-10
1912, -1.16969, 1.47534, -3.68848, 835.176, 25.7404, 1728, -1.17689, 1.47534, -3.68848, 820.514, 3.04817, 1568, -1.18409, 1.47534, -3.68848, 805.869, 1.07528, 1400, -1.19128, 1.47534, -3.68848, 791.239, 0.158997, 1025, -1.2057, 1.47534, -3.68848, 761.912, 0.782668, 843, -1.21291, 1.47534, -3.68848, 747.255, 0.0336225, 673, -1.2201, 1.47534, -3.68848, 732.613, 0.762314, 496, -1.22729, 1.47534, -3.68848, 717.986, 3.27201, 372, -1.23208, 1.47534, -3.68848, 708.243, 6.27002e-12
1912, -1.17764, 1.47586, -2.94776, 817.506, 22.6671, 1728, -1.18339, 1.47586, -2.94776, 803.426, 3.12249, 1568, -1.18914, 1.47586, -2.94776, 789.358, 0.973482, 1400, -1.19488, 1.47586, -2.94776, 775.301, 0.170355, 1025, -1.2064, 1.47586, -2.94776, 747.118, 0.672571, 843, -1.21216, 1.47586, -2.94776, 733.026, 0.0630192, 673, -1.21791, 1.47586, -2.94776, 718.946, 0.686, 496, -1.22366, 1.47586, -2.94776, 704.878, 3.20424, 372, -1.22749, 1.47586, -2.94776, 695.505, 6.27002e-12
1912, -1.17305, 1.46659, -4.17533, 748.757, 20.3122, 1728, -1.18122, 1.46659, -4.17533, 733.665, 6.67398, 1568, -1.18937, 1.46659, -4.17533, 718.591, 0.0290834, 1400, -1.19751, 1.46659, -4.17533, 703.534, 0.509508, 1025, -1.21383, 1.46659, -4.17533, 673.357, 0.191992, 843, -1.22198, 1.46659, -4.17533, 658.278, 0.0699629, 673, -1.23013, 1.46659, -4.17533, 643.216, 0.502119, 496, -1.23826, 1.46659, -4.17533, 628.171, 0.908859, 372, -1.24368, 1.46659, -4.17533, 618.149, 2.75599, 172, -1.2518, 1.46659, -4.17533, 603.128, 6.79738e-12
1912, -1.16246, 1.46741, -5.1187, 817.004, 24.3686, 1728, -1.17248, 1.46741, -5.1187, 800.956, 5.4889, 1568, -1.18249, 1.46741, -5.1187, 784.933, 0.119587, 1400, -1.19247, 1.46741, -5.1187, 768.934, 0.157061, 1025, -1.21249, 1.46741, -5.1187, 736.875, 0.219337, 843, -1.22249, 1.46741, -5.1187, 720.865, 0.105909, 673, -1.23247, 1.46741, -5.1187, 704.876, 0.377434, 496, -1.24244, 1.46741, -5.1187, 688.908, 0.934624, 372, -1.24908, 1.46741, -5.1187, 678.274, 2.81347, 172, -1.25902, 1.46741, -5.1187, 662.337, 6.79738e-12
1912, -1.16493, 1.47428, -4.40437, 842.439, 25.3797, 1728, -1.17354, 1.47428, -4.40437, 827.126, 3.66779, 1568, -1.18214, 1.47428, -4.40437, 811.834, 0.591624, 1400, -1.19073, 1.47428, -4.40437, 796.561, 0.0204833, 1025, -1.20795, 1.47428, -4.40437, 765.949, 0.27509, 843, -1.21655, 1.47428, -4.40437, 750.656, 0.100911, 673, -1.22514, 1.47428, -4.40437, 735.382, 0.767834, 496, -1.23372, 1.47428, -4.40437, 720.126, 3.74652, 372, -1.23943, 1.47428, -4.40437, 709.964, 6.27002e-12
1912, -1.18661, 1.46618, -3.32497, 711.889, 16.2293, 1728, -1.1931, 1.46618, -3.32497, 697.54, 7.53262, 1568, -1.19958, 1.46618, -3.32497, 683.203, 0.162182, 1400, -1.20605, 1.46618, -3.32497, 668.877, 0.643092, 1025, -1.21903, 1.46618, -3.32497, 640.167, 0.339649, 843, -1.22552, 1.46618, -3.32497, 625.813, 0.119277, 673, -1.23201, 1.46618, -3.32497, 611.471, 1.33759, 496, -1.23849, 1.46618, -3.32497, 597.141, 1.92559e-12
1912, -1.16937, 1.47502, -3.73605, 896.984, 26.2317, 1728, -1.17667, 1.47502, -3.73605, 882.283, 2.06865, 1568, -1.18396, 1.47502, -3.73605, 867.597, 1.91522, 1400, -1.19125, 1.47502, -3.73605, 852.927, 0.776918, 1025, -1.20585, 1.47502, -3.73605, 823.52, 0.889681, 843, -1.21315, 1.47502, -3.73605, 808.823, 0.814557, 673, -1.22044, 1.47502, -3.73605, 794.142, 2.25492e-12
1912, -1.16932, 1.47936, -3.72267, 969.82, 26.6288, 1728, -1.17659, 1.47936, -3.72267, 955.135, 1.50559, 1568, -1.18385, 1.47936, -3.72267, 940.466, 2.52469, 1400, -1.19111, 1.47936, -3.72267, 925.813, 1.19705, 1025, -1.20565, 1.47936, -3.72267, 896.44, 1.24083, 843, -1.21292, 1.47936, -3.72267, 881.76, 0.481282, 673, -1.22018, 1.47936, -3.72267, 867.097, 0.328209, 496, -1.22744, 1.47936, -3.72267, 852.448, 2.96794, 372, -1.23227, 1.47936, -3.72267, 842.69, 6.27002e-12
1912, -1.17025, 1.46773, -5.05772, 821.099, 20.975, 1728, -1.18014, 1.46773, -5.05772, 805.136, 5.67483, 1568, -1.19001, 1.46773, -5.05772, 789.196, 0.141766, 1400, -1.19987, 1.46773, -5.05772, 773.277, 0.29627, 1025, -1.21962, 1.46773, -5.05772, 741.386, 0.298471, 843, -1.22949, 1.46773, -5.05772, 725.456, 0.199679, 673, -1.23934, 1.46773, -5.05772, 709.546, 1.12842, 496, -1.24918, 1.46773, -5.05772, 693.656, 1.92559e-12
4835, -0.987311, 1.49194, -3.66439, 1292.46, 25.7148, 4711, -0.994634, 1.49194, -3.66439, 1277.49, 28.0119, 1728, -1.11078, 1.49194, -3.66439, 1039.97, 0.792671, 1568, -1.118, 1.49194, -3.66439, 1025.21, 2.93789, 1400, -1.1252, 1.49194, -3.66439, 1010.47, 0.816428, 1025, -1.13966, 1.49194, -3.66439, 980.912, 2.17171e-11
4835, -0.940014, 1.48895, -5.93893, 1307.89, 10.648, 4711, -0.952045, 1.48895, -5.93893, 1290.34, 8.32546, 1728, -1.14106, 1.48895, -5.93893, 1014.55, 1.92324, 1568, -1.15271, 1.48895, -5.93893, 997.571, 1.96467, 1400, -1.16432, 1.48895, -5.93893, 980.62, 0.777428, 1025, -1.18758, 1.48895, -5.93893, 946.694, 0.661533, 843, -1.19919, 1.48895, -5.93893, 929.742, 0.946863, 673, -1.21079, 1.48895, -5.93893, 912.823, 2.25492e-12
8947, -2.21483, 1.70907, 8.0537, 1879.6, 3.4065, 8642, -2.16237, 1.70907, 8.0537, 1814.22, 2.86684, 7970, -2.06107, 1.70907, 8.0537, 1687.98, 2.28352e-10
6169, 0.184149, 1.92995, -11.4044, 3471.51, 10.9298, 5590, 0.0232066, 1.92995, -11.4044, 3294.54, 6.68468, 5276, -0.0998153, 1.92995, -11.4044, 3159.26, 16.5483, 5091, -0.158224, 1.92995, -11.4044, 3095.03, 2.27166, 4749, -0.258853, 1.92995, -11.4044, 2984.38, 19.1322, 4615, -0.291521, 1.92995, -11.4044, 2948.45, 3.13867, 4490, -0.323396, 1.92995, -11.4044, 2913.4, 16.4392, 4360, -0.355189, 1.92995, -11.4044, 2878.44, 3.77211, 3927, -0.437406, 1.92995, -11.4044, 2788.04, 0.350229, 3716, -0.46759, 1.92995, -11.4044, 2754.85, 1.40956, 3561, -0.487577, 1.92995, -11.4044, 2732.87, 3.36912, 3319, -0.516987, 1.92995, -11.4044, 2700.53, 0.191962, 3135, -0.536707, 1.92995, -11.4044, 2678.84, 14.8029, 2898, -0.565806, 1.92995, -11.4044, 2646.85, 2.47482, 2663, -0.594544, 1.92995, -11.4044, 2615.25, 1.17249, 2494, -0.613691, 1.92995, -11.4044, 2594.19, 3.2388, 2336, -0.641942, 1.92995, -11.4044, 2563.13, 0.504169, 2249, -0.66071, 1.92995, -11.4044, 2542.49, 15.5963, 2078, -0.688723, 1.92995, -11.4044, 2511.69, 4.22904, 1982, -0.707127, 1.92995, -11.4044, 2491.45, 7.01886, 1800, -0.73472, 1.92995, -11.4044, 2461.11, 19.6612, 1144, -0.83398, 1.92995, -11.4044, 2351.96, 2.80726e-10
5111, -0.632018, 1.46938, -8.58976, 1592.64, 14.2964, 4970, -0.657598, 1.46938, -8.58976, 1561.63, 24.4543, 4802, -0.683044, 1.46938, -8.58976, 1530.77, 8.59935, 4662, -0.701893, 1.46938, -8.58976, 1507.92, 9.41786, 4539, -0.720682, 1.46938, -8.58976, 1485.14, 1.18175, 4407, -0.739507, 1.46938, -8.58976, 1462.31, 24.4376, 4318, -0.751949, 1.46938, -8.58976, 1447.22, 0.00763776, 4162, -0.770467, 1.46938, -8.58976, 1424.77, 1.80374, 3986, -0.788906, 1.46938, -8.58976, 1402.41, 2.89824, 3858, -0.801255, 1.46938, -8.58976, 1387.44, 6.93279, 3648, -0.819647, 1.46938, -8.58976, 1365.14, 0.410137, 3503, -0.831821, 1.46938, -8.58976, 1350.37, 3.71787, 3234, -0.849961, 1.46938, -8.58976, 1328.38, 0.415011, 2992, -0.868179, 1.46938, -8.58976, 1306.29, 0.822557, 2852, -0.880281, 1.46938, -8.58976, 1291.62, 5.22346e-12
4615, -0.315664, 1.92821, -11.208, 2902.1, 3.45403, 4490, -0.346554, 1.92821, -11.208, 2867.96, 0.439459, 4360, -0.377155, 1.92821, -11.208, 2834.14, 5.91121, 4104, -0.427203, 1.92821, -11.208, 2778.84, 11.7815, 3927, -0.456666, 1.92821, -11.208, 2746.28, 5.72189, 3716, -0.485942, 1.92821, -11.208, 2713.92, 14.2436, 3561, -0.505293, 1.92821, -11.208, 2692.54, 3.00855, 3135, -0.552931, 1.92821, -11.208, 2639.89, 1.284, 2898, -0.581182, 1.92821, -11.208, 2608.67, 4.80531, 2663, -0.609061, 1.92821, -11.208, 2577.86, 3.72631, 2494, -0.627672, 1.92821, -11.208, 2557.29, 1.74603, 2336, -0.655157, 1.92821, -11.208, 2526.92, 2.52126, 2249, -0.673331, 1.92821, -11.208, 2506.83, 9.91245, 2078, -0.700636, 1.92821, -11.208, 2476.66, 1.76873, 1982, -0.718582, 1.92821, -11.208, 2456.83, 19.622, 1800, -0.745387, 1.92821, -11.208, 2427.2, 1.51865e-10
6169, 0.196907, 1.92795, -11.7309, 3540.43, 21.5152, 5590, 0.0294137, 1.92795, -11.7309, 3357.67, 3.13646, 5276, -0.0978014, 1.92795, -11.7309, 3218.88, 28.9441, 5091, -0.158017, 1.92795, -11.7309, 3153.18, 18.5242, 4615, -0.294973, 1.92795, -11.7309, 3003.75, 1.75221, 4490, -0.3277, 1.92795, -11.7309, 2968.04, 1.43142, 4360, -0.36023, 1.92795, -11.7309, 2932.55, 4.27774, 4104, -0.413183, 1.92795, -11.7309, 2874.77, 13.4846, 3927, -0.444344, 1.92795, -11.7309, 2840.77, 4.78439, 3716, -0.475216, 1.92795, -11.7309, 2807.09, 13.0438, 3561, -0.495621, 1.92795, -11.7309, 2784.83, 2.79728, 3135, -0.545765, 1.92795, -11.7309, 2730.12, 1.35435, 2898, -0.57546, 1.92795, -11.7309, 2697.72, 5.23707, 2663, -0.604747, 1.92795, -11.7309, 2665.76, 4.23099, 2494, -0.624268, 1.92795, -11.7309, 2644.46, 2.24959, 2336, -0.653071, 1.92795, -11.7309, 2613.04, 2.71158, 2249, -0.67213, 1.92795, -11.7309, 2592.24, 8.74806, 2078, -0.700706, 1.92795, -11.7309, 2561.06, 2.22787, 1982, -0.719474, 1.92795, -11.7309, 2540.58, 18.5528, 1800, -0.74752, 1.92795, -11.7309, 2509.98, 1.51865e-10
7072, 0.68532, 1.92943, -12.088, 4133.33, 27.0247, 6942, 0.609753, 1.92943, -12.088, 4051.54, 8.54769, 6468, 0.399915, 1.92943, -12.088, 3824.41, 17.1633, 5859, 0.135751, 1.92943, -12.088, 3538.47, 14.8005, 5590, 0.0497699, 1.92943, -12.088, 3445.41, 2.51128, 5276, -0.0836726, 1.92943, -12.088, 3300.97, 6.57139, 5091, -0.146523, 1.92943, -12.088, 3232.94, 0.399738, 4749, -0.254197, 1.92943, -12.088, 3116.4, 27.6743, 4615, -0.28895, 1.92943, -12.088, 3078.78, 0.558046, 4490, -0.32287, 1.92943, -12.088, 3042.06, 4.14279, 4360, -0.356549, 1.92943, -12.088, 3005.61, 2.33506, 4104, -0.41131, 1.92943, -12.088, 2946.34, 17.3939, 3927, -0.443479, 1.92943, -12.088, 2911.52, 3.09972, 3716, -0.475349, 1.92943, -12.088, 2877.02, 10.378, 3561, -0.496389, 1.92943, -12.088, 2854.25, 1.82415, 3135, -0.548075, 1.92943, -12.088, 2798.31, 2.02673, 2898, -0.578641, 1.92943, -12.088, 2765.22, 4.42727, 2663, -0.608787, 1.92943, -12.088, 2732.59, 3.62433, 2494, -0.628865, 1.92943, -12.088, 2710.86, 1.85733, 2336, -0.658481, 1.92943, -12.088, 2678.8, 2.72233, 2249, -0.67807, 1.92943, -12.088, 2657.6, 9.03431, 2078, -0.707426, 1.92943, -12.088, 2625.82, 2.14894, 1982, -0.726704, 1.92943, -12.088, 2604.96, 18.6438, 1800, -0.755475, 1.92943, -12.088, 2573.81, 1.51865e-10
7315, 1.08881, 1.93192, -12.5314, 4609.92, 14.051, 7281, 1.01328, 1.93192, -12.5314, 4528.91, 14.8342, 6769, 0.586615, 1.93192, -12.5314, 4071.24, 4.0164, 6606, 0.515415, 1.93192, -12.5314, 3994.87, 18.7664, 5859, 0.139801, 1.92934, -12.122, 3587, 7.28341, 5590, 0.0532439, 1.92934, -12.122, 3493.38, 7.83173, 5276, -0.0809007, 1.92934, -12.122, 3348.28, 2.54834, 5091, -0.144061, 1.92934, -12.122, 3279.97, 0.0899801, 4749, -0.252221, 1.92934, -12.122, 3162.99, 23.452, 4615, -0.287144, 1.92934, -12.122, 3125.22, 0.593931, 4490, -0.321204, 1.92934, -12.122, 3088.38, 5.46114, 4360, -0.35503, 1.92934, -12.122, 3051.8, 1.74665, 4104, -0.410009, 1.92934, -12.122, 2992.33, 19.5688, 3927, -0.442299, 1.92934, -12.122, 2957.41, 2.15972, 3716, -0.474285, 1.92934, -12.122, 2922.81, 9.23026, 3561, -0.495404, 1.92934, -12.122, 2899.97, 1.40421, 3135, -0.54728, 1.92934, -12.122, 2843.87, 2.4917, 2898, -0.577952, 1.92934, -12.122, 2810.7, 3.23841, 2663, -0.608205, 1.92934, -12.122, 2777.98, 2.173, 2494, -0.628353, 1.92934, -12.122, 2756.19, 0.68375, 2336, -0.658073, 1.92934, -12.122, 2724.05, 2.00308, 2249, -0.677736, 1.92934, -12.122, 2702.78, 16.9464, 2078, -0.707187, 1.92934, -12.122, 2670.93, 1.2348e-10
7072, 0.694824, 1.92934, -12.122, 4187.38, 27.7811, 6605, 0.464584, 1.92934, -12.122, 3938.33, 8.26354, 5859, 0.139801, 1.92934, -12.122, 3587, 7.28341, 5590, 0.0532439, 1.92934, -12.122, 3493.38, 7.83173, 5276, -0.0809007, 1.92934, -12.122, 3348.28, 2.54834, 5091, -0.144061, 1.92934, -12.122, 3279.97, 0.0899801, 4749, -0.252221, 1.92934, -12.122, 3162.99, 23.452, 4615, -0.287144, 1.92934, -12.122, 3125.22, 0.593931, 4490, -0.321204, 1.92934, -12.122, 3088.38, 5.46114, 4360, -0.35503, 1.92934, -12.122, 3051.8, 1.74665, 4104, -0.410009, 1.92934, -12.122, 2992.33, 19.5688, 3927, -0.442299, 1.92934, -12.122, 2957.41, 2.15972, 3716, -0.474285, 1.92934, -12.122, 2922.81, 9.23026, 3561, -0.495404, 1.92934, -12.122, 2899.97, 1.40421, 3135, -0.54728, 1.92934, -12.122, 2843.87, 2.4917, 2898, -0.577952, 1.92934, -12.122, 2810.7, 3.23841, 2663, -0.608205, 1.92934, -12.122, 2777.98, 2.173, 2494, -0.628353, 1.92934, -12.122, 2756.19, 0.68375, 2336, -0.658073, 1.92934, -12.122, 2724.05, 2.00308, 2249, -0.677736, 1.92934, -12.122, 2702.78, 16.9464, 2078, -0.707187, 1.92934, -12.122, 2670.93, 1.2348e-10
7223, 0.82878, 1.92906, -12.1767, 4479.36, 14.5174, 6605, 0.469577, 1.92906, -12.1767, 4091.27, 15.5511, 5859, 0.161785, 1.93169, -12.5235, 3763.24, 3.3197, 5590, 0.0700526, 1.93169, -12.5235, 3664.84, 15.5985, 5276, -0.0709052, 1.93169, -12.5235, 3513.63, 0.302988, 5091, -0.136879, 1.93169, -12.5235, 3442.86, 2.01447, 4749, -0.249438, 1.93169, -12.5235, 3322.11, 18.8108, 4615, -0.285625, 1.93169, -12.5235, 3283.29, 0.87313, 4490, -0.320957, 1.93169, -12.5235, 3245.39, 8.97812, 4360, -0.355921, 1.93169, -12.5235, 3207.88, 2.35037, 4104, -0.412759, 1.93169, -12.5235, 3146.91, 21.5672, 3927, -0.446052, 1.93169, -12.5235, 3111.2, 2.41239, 3716, -0.479076, 1.93169, -12.5235, 3075.77, 8.71854, 3561, -0.500825, 1.93169, -12.5235, 3052.44, 2.37453, 3135, -0.55426, 1.93169, -12.5235, 2995.12, 2.67324, 2898, -0.585803, 1.93169, -12.5235, 2961.29, 5.77677, 2663, -0.61692, 1.93169, -12.5235, 2927.91, 4.81296, 2494, -0.637622, 1.93169, -12.5235, 2905.7, 3.41328, 2336, -0.668152, 1.93169, -12.5235, 2872.95, 2.48627, 2249, -0.688327, 1.93169, -12.5235, 2851.31, 7.71653, 2078, -0.718561, 1.93169, -12.5235, 2818.87, 3.02328, 1982, -0.738414, 1.93169, -12.5235, 2797.58, 16.9946, 1800, -0.767982, 1.93169, -12.5235, 2765.86, 1.51865e-10
7315, 1.08834, 1.93169, -12.5235, 4757.24, 14.9838, 7281, 1.0131, 1.93169, -12.5235, 4676.52, 16.4657, 6769, 0.586625, 1.93169, -12.5235, 4218.99, 4.39717, 6606, 0.515486, 1.93169, -12.5235, 4142.67, 12.5217, 5859, 0.161785, 1.93169, -12.5235, 3763.24, 3.3197, 5590, 0.0700526, 1.93169, -12.5235, 3664.84, 15.5985, 5276, -0.0709052, 1.93169, -12.5235, 3513.63, 0.302988, 5091, -0.136879, 1.93169, -12.5235, 3442.86, 2.01447, 4749, -0.249438, 1.93169, -12.5235, 3322.11, 18.8108, 4615, -0.285625, 1.93169, -12.5235, 3283.29, 0.87313, 4490, -0.320957, 1.93169, -12.5235, 3245.39, 8.97812, 4360, -0.355921, 1.93169, -12.5235, 3207.88, 2.35037, 4104, -0.412759, 1.93169, -12.5235, 3146.91, 21.5672, 3927, -0.446052, 1.93169, -12.5235, 3111.2, 2.41239, 3716, -0.479076, 1.93169, -12.5235, 3075.77, 8.71854, 3561, -0.500825, 1.93169, -12.5235, 3052.44, 2.37453, 3135, -0.55426, 1.93169, -12.5235, 2995.12, 2.67324, 2898, -0.585803, 1.93169, -12.5235, 2961.29, 5.77677, 2663, -0.61692, 1.93169, -12.5235, 2927.91, 4.81296, 2494, -0.637622, 1.93169, -12.5235, 2905.7, 3.41328, 2336, -0.668152, 1.93169, -12.5235, 2872.95, 2.48627, 2249, -0.688327, 1.93169, -12.5235, 2851.31, 7.71653, 2078, -0.718561, 1.93169, -12.5235, 2818.87, 3.02328, 1982, -0.738414, 1.93169, -12.5235, 2797.58, 16.9946, 1800, -0.767982, 1.93169, -12.5235, 2765.86, 1.51865e-10
7072, 0.685633, 1.92938, -12.091, 4188.03, 27.862, 6942, 0.609991, 1.92938, -12.091, 4106.16, 6.63297, 6468, 0.399996, 1.92938, -12.091, 3878.88, 11.345, 5859, 0.135603, 1.92938, -12.091, 3592.72, 25.8634, 5590, 0.0496078, 1.92938, -12.091, 3499.64, 0.595294, 5276, -0.0838655, 1.92938, -12.091, 3355.18, 20.826, 5091, -0.146702, 1.92938, -12.091, 3287.17, 12.0698, 4615, -0.289052, 1.92938, -12.091, 3133.1, 0.997318, 4490, -0.322972, 1.92938, -12.091, 3096.39, 2.17498, 4360, -0.356641, 1.92938, -12.091, 3059.95, 4.0369, 4104, -0.411397, 1.92938, -12.091, 3000.68, 13.475, 3927, -0.443566, 1.92938, -12.091, 2965.87, 5.13271, 3716, -0.475441, 1.92938, -12.091, 2931.37, 14.0786, 3561, -0.496473, 1.92938, -12.091, 2908.61, 3.94293, 3135, -0.548146, 1.92938, -12.091, 2852.68, 0.783688, 2898, -0.578704, 1.92938, -12.091, 2819.6, 7.65012, 2663, -0.608842, 1.92938, -12.091, 2786.99, 6.75466, 2494, -0.628905, 1.92938, -12.091, 2765.27, 4.38479, 2336, -0.658492, 1.92938, -12.091, 2733.24, 4.18257, 2249, -0.678065, 1.92938, -12.091, 2712.06, 5.50609, 2078, -0.707395, 1.92938, -12.091, 2680.31, 3.89355, 1982, -0.726653, 1.92938, -12.091, 2659.47, 15.6906, 1800, -0.755405, 1.92938, -12.091, 2628.35, 1.51865e-10
6169, 0.187194, 1.93032, -11.4687, 3324.71, 17.7516, 5590, 0.0248641, 1.93032, -11.4687, 3146.49, 5.53196, 5276, -0.0990571, 1.93032, -11.4687, 3010.44, 14.2186, 5091, -0.157863, 1.93032, -11.4687, 2945.88, 2.5389, 4749, -0.25913, 1.93032, -11.4687, 2834.7, 18.9154, 4615, -0.291982, 1.93032, -11.4687, 2798.63, 4.33462, 4490, -0.324047, 1.93032, -11.4687, 2763.43, 15.4982, 4360, -0.356002, 1.93032, -11.4687, 2728.34, 2.90006, 3927, -0.438634, 1.93032, -11.4687, 2637.62, 0.077607, 3716, -0.468969, 1.93032, -11.4687, 2604.32, 2.40169, 3561, -0.489047, 1.93032, -11.4687, 2582.28, 1.30503, 3319, -0.518591, 1.93032, -11.4687, 2549.84, 0.350268, 3135, -0.538403, 1.93032, -11.4687, 2528.09, 11.9522, 2898, -0.567628, 1.93032, -11.4687, 2496, 0.357958, 2663, -0.596489, 1.93032, -11.4687, 2464.32, 0.0875324, 2494, -0.615719, 1.93032, -11.4687, 2443.21, 0.500058, 2336, -0.644094, 1.93032, -11.4687, 2412.05, 2.43595, 2249, -0.662934, 1.93032, -11.4687, 2391.37, 5.67478, 2078, -0.691077, 1.93032, -11.4687, 2360.47, 15.2657, 1982, -0.709564, 1.93032, -11.4687, 2340.18, 6.57888e-11
7529, 1.03137, 1.92966, -11.8854, 4344.22, 17.4502, 6942, 0.59351, 1.93002, -11.925, 3868.97, 5.99235, 6468, 0.391087, 1.93002, -11.925, 3649.08, 7.16887, 5859, 0.132887, 1.93002, -11.925, 3368.59, 22.7036, 5590, 0.0483658, 1.93002, -11.925, 3276.78, 2.90979, 5276, -0.0830863, 1.93002, -11.925, 3133.99, 11.4313, 5091, -0.145085, 1.93002, -11.925, 3066.64, 2.4294, 4749, -0.251402, 1.93002, -11.925, 2951.16, 29.4903, 4615, -0.285777, 1.93002, -11.925, 2913.82, 2.43862, 4490, -0.319289, 1.93002, -11.925, 2877.41, 3.3859, 4360, -0.352623, 1.93002, -11.925, 2841.2, 1.4262, 4104, -0.406801, 1.93002, -11.925, 2782.35, 21.0863, 3927, -0.438662, 1.93002, -11.925, 2747.74, 1.81896, 3716, -0.470213, 1.93002, -11.925, 2713.47, 8.55504, 3561, -0.49105, 1.93002, -11.925, 2690.83, 0.475817, 3135, -0.542245, 1.93002, -11.925, 2635.22, 4.49321, 2898, -0.572529, 1.93002, -11.925, 2602.33, 1.54013, 2663, -0.602424, 1.93002, -11.925, 2569.85, 1.18385, 2494, -0.622325, 1.93002, -11.925, 2548.23, 2.08625, 2336, -0.651683, 1.93002, -11.925, 2516.34, 9.87805e-11
7530, 1.05331, 1.93002, -11.925, 4368.46, 5.6458, 6942, 0.59351, 1.93002, -11.925, 3868.97, 5.99235, 6468, 0.391087, 1.93002, -11.925, 3649.08, 7.16887, 5859, 0.132887, 1.93002, -11.925, 3368.59, 22.7036, 5590, 0.0483658, 1.93002, -11.925, 3276.78, 2.90979, 5276, -0.0830863, 1.93002, -11.925, 3133.99, 11.4313, 5091, -0.145085, 1.93002, -11.925, 3066.64, 2.4294, 4749, -0.251402, 1.93002, -11.925, 2951.16, 29.4903, 4615, -0.285777, 1.93002, -11.925, 2913.82, 2.43862, 4490, -0.319289, 1.93002, -11.925, 2877.41, 3.3859, 4360, -0.352623, 1.93002, -11.925, 2841.2, 1.4262, 4104, -0.406801, 1.93002, -11.925, 2782.35, 21.0863, 3927, -0.438662, 1.93002, -11.925, 2747.74, 1.81896, 3716, -0.470213, 1.93002, -11.925, 2713.47, 8.55504, 3561, -0.49105, 1.93002, -11.925, 2690.83, 0.475817, 3135, -0.542245, 1.93002, -11.925, 2635.22, 4.49321, 2898, -0.572529, 1.93002, -11.925, 2602.33, 1.54013, 2663, -0.602424, 1.93002, -11.925, 2569.85, 1.18385, 2494, -0.622325, 1.93002, -11.925, 2548.23, 2.08625, 2336, -0.651683, 1.93002, -11.925, 2516.34, 9.87805e-11
7072, 0.685203, 1.92945, -12.0873, 4166.46, 27.8776, 6942, 0.609663, 1.92945, -12.0873, 4084.7, 7.78004, 6468, 0.399866, 1.92945, -12.0873, 3857.61, 16.1575, 5859, 0.135736, 1.92945, -12.0873, 3571.7, 15.5434, 5590, 0.049762, 1.92945, -12.0873, 3478.64, 2.221, 5276, -0.0836715, 1.92945, -12.0873, 3334.21, 7.22933, 5091, -0.146517, 1.92945, -12.0873, 3266.19, 0.602967, 4749, -0.25418, 1.92945, -12.0873, 3149.65, 28.8924, 4615, -0.28893, 1.92945, -12.0873, 3112.04, 0.651811, 4490, -0.322846, 1.92945, -12.0873, 3075.33, 3.5319, 4360, -0.356522, 1.92945, -12.0873, 3038.88, 2.6445, 4104, -0.411277, 1.92945, -12.0873, 2979.61, 16.9503, 3927, -0.443445, 1.92945, -12.0873, 2944.79, 3.047, 3716, -0.475312, 1.92945, -12.0873, 2910.3, 10.7258, 3561, -0.496349, 1.92945, -12.0873, 2887.53, 2.21996, 3135, -0.548024, 1.92945, -12.0873, 2831.6, 1.97263, 2898, -0.578587, 1.92945, -12.0873, 2798.51, 4.18764, 2663, -0.608726, 1.92945, -12.0873, 2765.89, 2.7731, 2494, -0.628801, 1.92945, -12.0873, 2744.16, 1.11659, 2336, -0.658414, 1.92945, -12.0873, 2712.11, 1.66721, 2249, -0.678001, 1.92945, -12.0873, 2690.91, 16.5473, 2078, -0.707355, 1.92945, -12.0873, 2659.13, 1.2348e-10
9114, -0.632286, 1.66218, -6.01859, 5218.71, 0.037656, 8658, -0.682881, 1.66218, -6.01859, 5145.47, 0.223947, 8409, -0.701219, 1.66218, -6.01859, 5118.92, 7.03926e-10
4802, -0.708139, 1.46506, -7.43834, 1365.27, 11.442, 4662, -0.724273, 1.46506, -7.43834, 1344.41, 6.48199, 4539, -0.740432, 1.46506, -7.43834, 1323.52, 2.05554, 4407, -0.756587, 1.46506, -7.43834, 1302.63, 28.4404, 4318, -0.767281, 1.46506, -7.43834, 1288.81, 0.428114, 4162, -0.783219, 1.46506, -7.43834, 1268.2, 1.50608, 3986, -0.799123, 1.46506, -7.43834, 1247.64, 3.80673, 3858, -0.809774, 1.46506, -7.43834, 1233.87, 5.2524, 3648, -0.825654, 1.46506, -7.43834, 1213.34, 0.858898, 3503, -0.836175, 1.46506, -7.43834, 1199.74, 2.40897, 3234, -0.851867, 1.46506, -7.43834, 1179.45, 3.03954e-10
4802, -0.711213, 1.47234, -8.02768, 1522.31, 14.4529, 4662, -0.728578, 1.47234, -8.02768, 1500.64, 4.72897, 4539, -0.745963, 1.47234, -8.02768, 1478.94, 2.69911, 4407, -0.76333, 1.47234, -8.02768, 1457.27, 26.8345, 4318, -0.774821, 1.47234, -8.02768, 1442.93, 0.389873, 4162, -0.791941, 1.47234, -8.02768, 1421.56, 0.454179, 3986, -0.809, 1.47234, -8.02768, 1400.27, 6.12343e-12
5648, -0.474196, 1.4592, -9.2351, 1571.47, 0.10066, 5377, -0.532477, 1.4592, -9.2351, 1502.79, 1.54284, 5248, -0.561279, 1.4592, -9.2351, 1468.85, 12.9079, 5111, -0.589687, 1.4592, -9.2351, 1435.37, 0.982413, 4970, -0.617768, 1.4592, -9.2351, 1402.27, 5.36531, 4802, -0.645787, 1.4592, -9.2351, 1369.25, 0.352246, 4662, -0.666495, 1.4592, -9.2351, 1344.85, 29.2439, 4539, -0.6871, 1.4592, -9.2351, 1320.57, 1.47425, 4407, -0.707737, 1.4592, -9.2351, 1296.25, 11.3848, 4318, -0.721361, 1.4592, -9.2351, 1280.19, 1.22314, 4162, -0.741611, 1.4592, -9.2351, 1256.33, 2.25955, 3986, -0.761846, 1.4592, -9.2351, 1232.48, 8.54038, 3858, -0.77533, 1.4592, -9.2351, 1216.59, 1.17899e-10
5648, -0.477318, 1.46131, -8.77864, 1561.13, 0.270153, 5377, -0.53264, 1.46131, -8.77864, 1494.64, 0.0623677, 5248, -0.559998, 1.46131, -8.77864, 1461.76, 5.65262, 5111, -0.587033, 1.46131, -8.77864, 1429.27, 1.03104, 4970, -0.613761, 1.46131, -8.77864, 1397.15, 0.509223, 4802, -0.640474, 1.46131, -8.77864, 1365.04, 4.34504, 4539, -0.679885, 1.46131, -8.77864, 1317.67, 1.09296, 4407, -0.699585, 1.46131, -8.77864, 1294, 16.002, 4318, -0.712595, 1.46131, -8.77864, 1278.36, 4.61073e-11
6169, 0.189525, 1.92721, -11.6896, 3515.74, 3.22249, 5791, 0.0904791, 1.92721, -11.6896, 3407.58, 3.45908, 5091, -0.16231, 1.92721, -11.6896, 3131.5, 23.2335, 4615, -0.29834, 1.92721, -11.6896, 2982.94, 2.29122, 4490, -0.330887, 1.92721, -11.6896, 2947.4, 1.08018, 4360, -0.3632, 1.92721, -11.6896, 2912.11, 4.58311, 4104, -0.415852, 1.92721, -11.6896, 2854.61, 13.7749, 3927, -0.44683, 1.92721, -11.6896, 2820.78, 4.22573, 3716, -0.477546, 1.92721, -11.6896, 2787.24, 12.3485, 3561, -0.497835, 1.92721, -11.6896, 2765.08, 2.59937, 3135, -0.547716, 1.92721, -11.6896, 2710.6, 1.85829, 2898, -0.577257, 1.92721, -11.6896, 2678.34, 3.95477, 2663, -0.606402, 1.92721, -11.6896, 2646.51, 2.43837, 2494, -0.625828, 1.92721, -11.6896, 2625.3, 1.01855, 2336, -0.654498, 1.92721, -11.6896, 2593.98, 1.53383, 2249, -0.673475, 1.92721, -11.6896, 2573.26, 17.478, 2078, -0.701926, 1.92721, -11.6896, 2542.19, 1.2348e-10
6169, 0.190231, 1.92748, -11.5282, 3438.35, 13.0141, 5590, 0.0266966, 1.92748, -11.5282, 3259.06, 3.79049, 5276, -0.0979988, 1.92748, -11.5282, 3122.36, 24.6973, 5091, -0.157132, 1.92748, -11.5282, 3057.53, 13.6988, 4615, -0.29188, 1.92748, -11.5282, 2909.8, 0.739321, 4490, -0.324107, 1.92748, -11.5282, 2874.47, 4.42288, 4360, -0.356184, 1.92748, -11.5282, 2839.31, 1.68418, 4104, -0.40841, 1.92748, -11.5282, 2782.05, 24.9837, 3927, -0.439159, 1.92748, -11.5282, 2748.34, 0.491549, 3716, -0.46964, 1.92748, -11.5282, 2714.93, 3.26186, 3561, -0.48979, 1.92748, -11.5282, 2692.84, 1.21039, 3319, -0.519439, 1.92748, -11.5282, 2660.33, 0.185728, 3135, -0.539351, 1.92748, -11.5282, 2638.5, 9.15774, 2898, -0.56868, 1.92748, -11.5282, 2606.35, 0.617407, 2663, -0.597669, 1.92748, -11.5282, 2574.57, 0.352448, 2494, -0.616965, 1.92748, -11.5282, 2553.42, 1.47273e-10
4615, -0.321706, 1.93271, -10.8162, 2718.7, 5.54616, 4490, -0.351429, 1.93271, -10.8162, 2685.5, 1.11574, 4360, -0.380899, 1.93271, -10.8162, 2652.59, 4.3548, 4104, -0.429154, 1.93271, -10.8162, 2598.7, 17.5831, 3927, -0.457601, 1.93271, -10.8162, 2566.92, 3.05016, 3716, -0.485876, 1.93271, -10.8162, 2535.34, 10.0129, 3561, -0.504586, 1.93271, -10.8162, 2514.45, 0.749078, 3135, -0.550669, 1.93271, -10.8162, 2462.98, 4.7684, 2898, -0.578032, 1.93271, -10.8162, 2432.42, 1.29972, 2663, -0.605047, 1.93271, -10.8162, 2402.24, 0.991053, 2494, -0.623099, 1.93271, -10.8162, 2382.08, 2.22713, 2336, -0.649769, 1.93271, -10.8162, 2352.3, 9.87805e-11
7072, 0.685202, 1.92901, -12.0855, 4148.87, 28.437, 6942, 0.609705, 1.92901, -12.0855, 4067.14, 7.15975, 6468, 0.399971, 1.92901, -12.0855, 3840.12, 22.3955, 5859, 0.136063, 1.92901, -12.0855, 3554.42, 10.8839, 5590, 0.0500935, 1.92901, -12.0855, 3461.36, 4.50829, 5276, -0.0833148, 1.92901, -12.0855, 3316.96, 3.80349, 5091, -0.146162, 1.92901, -12.0855, 3248.93, 0.0432831, 4749, -0.253835, 1.92901, -12.0855, 3132.38, 26.287, 4615, -0.288594, 1.92901, -12.0855, 3094.76, 0.219144, 4490, -0.322517, 1.92901, -12.0855, 3058.04, 5.13126, 4360, -0.356198, 1.92901, -12.0855, 3021.58, 2.65245, 4104, -0.410963, 1.92901, -12.0855, 2962.3, 23.2256, 3927, -0.443123, 1.92901, -12.0855, 2927.49, 0.778836, 3716, -0.474991, 1.92901, -12.0855, 2893, 4.20473, 3561, -0.496032, 1.92901, -12.0855, 2870.22, 0.634926, 3319, -0.526971, 1.92901, -12.0855, 2836.73, 0.516234, 3135, -0.547727, 1.92901, -12.0855, 2814.27, 8.87781, 2898, -0.578291, 1.92901, -12.0855, 2781.18, 3.19518e-10
7223, 0.828371, 1.92892, -12.1752, 4343, 13.2489, 6605, 0.469616, 1.92892, -12.1752, 3955.37, 16.4655, 5859, 0.162977, 1.93111, -12.6664, 3630.18, 3.80676, 5590, 0.0700753, 1.93111, -12.6664, 3530.79, 12.9223, 5276, -0.0724577, 1.93111, -12.6664, 3378.32, 1.03572, 5091, -0.139082, 1.93111, -12.6664, 3307.05, 0.696262, 4749, -0.252656, 1.93111, -12.6664, 3185.55, 22.0416, 4615, -0.289125, 1.93111, -12.6664, 3146.54, 0.417643, 4490, -0.324744, 1.93111, -12.6664, 3108.43, 6.50905, 4360, -0.359973, 1.93111, -12.6664, 3070.75, 1.86704, 4104, -0.417231, 1.93111, -12.6664, 3009.5, 24.0015, 3927, -0.450769, 1.93111, -12.6664, 2973.62, 0.762488, 3716, -0.484007, 1.93111, -12.6664, 2938.06, 4.69165, 3561, -0.505913, 1.93111, -12.6664, 2914.63, 0.621016, 3319, -0.538112, 1.93111, -12.6664, 2880.18, 0.710841, 3135, -0.55969, 1.93111, -12.6664, 2857.1, 7.12473, 2898, -0.591459, 1.93111, -12.6664, 2823.12, 0.498025, 2663, -0.622734, 1.93111, -12.6664, 2789.66, 4.08958e-11
6769, 0.59698, 1.93111, -12.6664, 4094.47, 2.89294, 6606, 0.523597, 1.93111, -12.6664, 4015.96, 8.41655, 5859, 0.162977, 1.93111, -12.6664, 3630.18, 3.80676, 5590, 0.0700753, 1.93111, -12.6664, 3530.79, 12.9223, 5276, -0.0724577, 1.93111, -12.6664, 3378.32, 1.03572, 5091, -0.139082, 1.93111, -12.6664, 3307.05, 0.696262, 4749, -0.252656, 1.93111, -12.6664, 3185.55, 22.0416, 4615, -0.289125, 1.93111, -12.6664, 3146.54, 0.417643, 4490, -0.324744, 1.93111, -12.6664, 3108.43, 6.50905, 4360, -0.359973, 1.93111, -12.6664, 3070.75, 1.86704, 4104, -0.417231, 1.93111, -12.6664, 3009.5, 24.0015, 3927, -0.450769, 1.93111, -12.6664, 2973.62, 0.762488, 3716, -0.484007, 1.93111, -12.6664, 2938.06, 4.69165, 3561, -0.505913, 1.93111, -12.6664, 2914.63, 0.621016, 3319, -0.538112, 1.93111, -12.6664, 2880.18, 0.710841, 3135, -0.55969, 1.93111, -12.6664, 2857.1, 7.12473, 2898, -0.591459, 1.93111, -12.6664, 2823.12, 0.498025, 2663, -0.622734, 1.93111, -12.6664, 2789.66, 4.08958e-11
6169, 0.183992, 1.92681, -11.5202, 3418.04, 5.27321, 5791, 0.0870391, 1.92681, -11.5202, 3311.73, 4.32677, 5091, -0.161485, 1.92681, -11.5202, 3039.22, 18.8124, 4615, -0.295663, 1.92681, -11.5202, 2892.08, 1.08958, 4490, -0.327789, 1.92681, -11.5202, 2856.86, 3.21809, 4360, -0.359727, 1.92681, -11.5202, 2821.84, 2.13591, 4104, -0.41177, 1.92681, -11.5202, 2764.77, 22.4051, 3927, -0.442407, 1.92681, -11.5202, 2731.18, 0.791675, 3716, -0.472796, 1.92681, -11.5202, 2697.86, 4.31336, 3561, -0.492876, 1.92681, -11.5202, 2675.85, 0.799381, 3319, -0.522427, 1.92681, -11.5202, 2643.44, 0.513502, 3135, -0.542278, 1.92681, -11.5202, 2621.68, 7.41866, 2898, -0.571521, 1.92681, -11.5202, 2589.62, 0.773923, 2663, -0.600422, 1.92681, -11.5202, 2557.93, 0.479226, 2494, -0.619665, 1.92681, -11.5202, 2536.83, 1.47273e-10
7072, 0.68537, 1.92918, -12.0835, 4250.61, 26.8827, 6942, 0.609846, 1.92918, -12.0835, 4168.86, 9.01062, 6468, 0.40008, 1.92918, -12.0835, 3941.79, 27.0164, 5859, 0.136238, 1.92918, -12.0835, 3656.14, 8.09649, 5590, 0.0502646, 1.92918, -12.0835, 3563.08, 7.17113, 5276, -0.0831332, 1.92918, -12.0835, 3418.67, 2.3301, 5091, -0.145985, 1.92918, -12.0835, 3350.64, 0.205621, 4749, -0.253668, 1.92918, -12.0835, 3234.07, 23.8322, 4615, -0.288432, 1.92918, -12.0835, 3196.44, 0.218756, 4490, -0.322367, 1.92918, -12.0835, 3159.71, 6.06339, 4360, -0.356049, 1.92918, -12.0835, 3123.25, 2.7519, 4104, -0.410825, 1.92918, -12.0835, 3063.96, 21.0319, 3927, -0.442985, 1.92918, -12.0835, 3029.15, 1.84176, 3716, -0.474863, 1.92918, -12.0835, 2994.64, 8.02125, 3561, -0.495904, 1.92918, -12.0835, 2971.86, 2.01686, 3135, -0.547608, 1.92918, -12.0835, 2915.9, 3.20804, 2898, -0.578172, 1.92918, -12.0835, 2882.82, 2.51592, 2663, -0.608334, 1.92918, -12.0835, 2850.17, 1.16273, 2494, -0.628416, 1.92918, -12.0835, 2828.43, 1.47273e-10
5648, -0.469833, 1.46253, -8.74714, 1610.42, 1.27488, 5377, -0.525239, 1.46253, -8.74714, 1543.73, 0.00178725, 5248, -0.552641, 1.46253, -8.74714, 1510.75, 7.08196, 5111, -0.579705, 1.46253, -8.74714, 1478.18, 0.0580457, 4970, -0.606489, 1.46253, -8.74714, 1445.94, 2.52434, 4802, -0.633223, 1.46253, -8.74714, 1413.76, 0.869937, 4662, -0.652986, 1.46253, -8.74714, 1389.98, 24.0881, 4539, -0.672709, 1.46253, -8.74714, 1366.24, 1.14171e-10
4615, -0.340485, 1.89453, -11.5701, 3138.96, 0.381973, 4490, -0.371181, 1.89453, -11.5701, 3105.34, 25.7457, 4360, -0.401728, 1.89453, -11.5701, 3071.89, 22.2209, 4214, -0.431521, 1.89453, -11.5701, 3039.26, 1.14919e-09
8185, 0.385635, 1.46173, -11.1246, 2812.62, 20.8176, 7905, 0.274395, 1.46173, -11.1246, 2689.42, 0.411279, 7375, 0.107215, 1.46173, -11.1246, 2504.26, 2.88653, 6647, -0.0867155, 1.46173, -11.1246, 2289.48, 4.95092, 6328, -0.185724, 1.46173, -11.1246, 2179.83, 9.94811, 6204, -0.228049, 1.46173, -11.1246, 2132.95, 0.726736, 6039, -0.269159, 1.46173, -11.1246, 2087.42, 0.268306, 5814, -0.309796, 1.46173, -11.1246, 2042.42, 5.49729e-11
6169, 0.165696, 1.91659, -11.8482, 3803.41, 3.47864, 5590, 0.00364458, 1.91659, -11.8482, 3627.08, 4.89034, 5276, -0.119956, 1.91659, -11.8482, 3492.59, 23.1147, 4890, -0.235217, 1.91659, -11.8482, 3367.17, 5.48365e-10
6170, 0.328287, 1.92073, -12.5896, 4030.55, 24.9183, 5987, 0.238292, 1.92073, -12.5896, 3934.13, 9.39881, 5591, 0.122423, 1.92073, -12.5896, 3809.99, 11.5329, 5415, 0.0312065, 1.92073, -12.5896, 3712.27, 1.44766e-10
8679, 0.421419, 1.45083, -10.6051, 8947.79, 1.41053, 8499, 0.370882, 1.45083, -10.6051, 8891, 10.6407, 8278, 0.307788, 1.45083, -10.6051, 8820.1, 21.4809, 8233, 0.292654, 1.45083, -10.6051, 8803.1, 1.11557, 7989, 0.206273, 1.45083, -10.6051, 8706.03, 12.4463, 7947, 0.192691, 1.45083, -10.6051, 8690.77, 1.41163e-10
7222, 0.710039, 1.93695, -11.7977, 4222.26, 20.5641, 7071, 0.615784, 1.93695, -11.7977, 4119.58, 1.16124, 6605, 0.418976, 1.93695, -11.7977, 3905.18, 1.1734e-09
7596, -1.68594, 1.20264, 11.0743, 5801.2, 23.0662, 7428, -1.61164, 1.20264, 11.0743, 5718.79, 13.5253, 7247, -1.54267, 1.20264, 11.0743, 5642.31, 0.168007, 7087, -1.47806, 1.20264, 11.0743, 5570.66, 5.47804e-10
7532, 0.531159, 2.15396, -8.51102, 3416.79, 2.23556, 7317, 0.479303, 2.15396, -8.51102, 3353.67, 7.44804, 7106, 0.429127, 2.15396, -8.51102, 3292.6, 5.60469, 6944, 0.390459, 2.15396, -8.51102, 3245.54, 4.74924e-10
7088, -1.38409, 1.70875, 12.1236, 2809.6, 29.0012, 6796, -1.21975, 1.70931, 12.0691, 2663.33, 0.00117222, 6544, -1.14034, 1.70931, 12.0691, 2577.34, 5.59354e-11
7089, -1.34205, 1.70931, 12.0691, 2795.75, 0.289005, 6796, -1.21975, 1.70931, 12.0691, 2663.33, 0.00117222, 6544, -1.14034, 1.70931, 12.0691, 2577.34, 5.59354e-11
7089, -1.37333, 1.72508, 12.2479, 2342.65, 13.2057, 7036, -1.35379, 1.72508, 12.2479, 2321.58, 15.5973, 6490, -1.14047, 1.72508, 12.2479, 2091.45, 8.83838, 6337, -1.06264, 1.72508, 12.2479, 2007.49, 17.0914, 6210, -1.00424, 1.72508, 12.2479, 1944.48, 5.20994, 6042, -0.94774, 1.72508, 12.2479, 1883.52, 0.711368, 5825, -0.89364, 1.72508, 12.2479, 1825.15, 0.00213951, 5658, -0.841607, 1.72508, 12.2479, 1769.01, 0.130973, 5529, -0.791453, 1.72508, 12.2479, 1714.9, 5.92978e-11
7089, -1.37418, 1.7262, 12.1667, 2413.95, 9.13703, 7036, -1.35478, 1.7262, 12.1667, 2392.99, 9.68351, 6490, -1.14211, 1.7262, 12.1667, 2163.19, 3.69318, 6337, -1.06444, 1.7262, 12.1667, 2079.26, 5.28164, 6210, -1.00608, 1.7262, 12.1667, 2016.2, 0.0656264, 6042, -0.949612, 1.7262, 12.1667, 1955.18, 2.39438, 5825, -0.895494, 1.7262, 12.1667, 1896.7, 0.949932, 5658, -0.843448, 1.7262, 12.1667, 1840.46, 1.96657, 5385, -0.744148, 1.7262, 12.1667, 1733.16, 6.4436e-11
5825, -0.816817, 1.7298, 11.2992, 1858.02, 22.5545, 5658, -0.772581, 1.7298, 11.2992, 1809.25, 26.1726, 5385, -0.687164, 1.7298, 11.2992, 1715.07, 25.694, 5255, -0.655299, 1.73187, 11.303, 1670.77, 7.14038, 5116, -0.614291, 1.73187, 11.303, 1625.56, 3.47383, 5004, -0.584218, 1.73187, 11.303, 1592.41, 12.7423, 4839, -0.544534, 1.73187, 11.303, 1548.66, 1.76738, 4720, -0.515307, 1.73187, 11.303, 1516.44, 2.48734e-11
6042, -0.873981, 1.73187, 11.303, 1911.86, 16.5653, 5825, -0.827862, 1.73187, 11.303, 1861.01, 4.01994, 5658, -0.783246, 1.73187, 11.303, 1811.83, 0.173924, 5529, -0.739701, 1.73187, 11.303, 1763.82, 7.23887, 5384, -0.696862, 1.73187, 11.303, 1716.59, 21.8003, 5255, -0.655299, 1.73187, 11.303, 1670.77, 7.14038, 5116, -0.614291, 1.73187, 11.303, 1625.56, 3.47383, 5004, -0.584218, 1.73187, 11.303, 1592.41, 12.7423, 4839, -0.544534, 1.73187, 11.303, 1548.66, 1.76738, 4720, -0.515307, 1.73187, 11.303, 1516.44, 2.48734e-11
6042, -0.881111, 1.73074, 11.8471, 2026.21, 13.9497, 5825, -0.832451, 1.73074, 11.8471, 1973.26, 3.32287, 5658, -0.785498, 1.73074, 11.8471, 1922.17, 0.304386, 5529, -0.739802, 1.73074, 11.8471, 1872.44, 6.06777, 5384, -0.694934, 1.73074, 11.8471, 1823.62, 25.0756, 5255, -0.64949, 1.73082, 11.9319, 1777.02, 9.21039, 5116, -0.606488, 1.73082, 11.9319, 1730.31, 4.99963, 5004, -0.574963, 1.73082, 11.9319, 1696.07, 10.8829, 4839, -0.533459, 1.73082, 11.9319, 1650.99, 1.87122, 4720, -0.502933, 1.73082, 11.9319, 1617.84, 0.242084, 4583, -0.472636, 1.73082, 11.9319, 1584.93, 2.94875e-11
6042, -0.880485, 1.73082, 11.9319, 2027.91, 28.388, 5825, -0.831445, 1.73082, 11.9319, 1974.65, 21.4182, 5658, -0.784165, 1.73082, 11.9319, 1923.3, 25.3436, 5385, -0.693221, 1.73082, 11.9319, 1824.52, 23.8098, 5255, -0.64949, 1.73082, 11.9319, 1777.02, 9.21039, 5116, -0.606488, 1.73082, 11.9319, 1730.31, 4.99963, 5004, -0.574963, 1.73082, 11.9319, 1696.07, 10.8829, 4839, -0.533459, 1.73082, 11.9319, 1650.99, 1.87122, 4720, -0.502933, 1.73082, 11.9319, 1617.84, 0.242084, 4583, -0.472636, 1.73082, 11.9319, 1584.93, 2.94875e-11
5385, -0.622465, 1.72698, 10.847, 1639.85, 2.22745, 5116, -0.547799, 1.72698, 10.847, 1556.53, 26.8718, 5004, -0.520377, 1.72698, 10.847, 1525.93, 0.0477542, 4839, -0.484288, 1.72698, 10.847, 1485.66, 3.41673, 4720, -0.457673, 1.72698, 10.847, 1455.96, 0.305849, 4583, -0.4311, 1.72698, 10.847, 1426.31, 0.400182, 4517, -0.413672, 1.72698, 10.847, 1406.86, 1.18657, 4377, -0.387738, 1.72698, 10.847, 1377.92, 7.30332e-12
5004, -0.482878, 1.73555, 10.269, 1387.76, 1.49325, 4839, -0.449591, 1.73555, 10.269, 1349.97, 6.43406, 4720, -0.424899, 1.73555, 10.269, 1321.93, 2.32701, 4583, -0.400276, 1.73555, 10.269, 1293.98, 0.0677848, 4517, -0.384095, 1.73555, 10.269, 1275.61, 0.457579, 4377, -0.360016, 1.73555, 10.269, 1248.27, 0.418176, 4272, -0.343894, 1.73555, 10.269, 1229.96, 1.41349, 3526, -0.249497, 1.73555, 10.269, 1122.79, 0.104856, 3279, -0.226451, 1.73555, 10.269, 1096.62, 2.16591e-11
3753, -0.134863, 1.72331, 8.47627, 1126.57, 20.6496, 3024, -0.0809456, 1.72331, 8.47627, 1060.84, 2.4571, 2694, -0.0572486, 1.72331, 8.47627, 1031.95, 3.71985, 2319, -0.0218239, 1.72331, 8.47627, 988.756, 9.99836, 2166, -0.00420637, 1.72331, 8.47627, 967.276, 1.11459, 2006, 0.0133002, 1.72331, 8.47627, 945.932, 3.97171, 1824, 0.0307115, 1.72331, 8.47627, 924.704, 1.05248, 1651, 0.0482127, 1.72331, 8.47627, 903.366, 1.5604, 1475, 0.0656078, 1.72331, 8.47627, 882.157, 0.508604, 1294, 0.0829041, 1.72331, 8.47627, 861.069, 1.32469e-10
3753, -0.148482, 1.72003, 8.30847, 1118.79, 6.29984, 3024, -0.0953783, 1.72003, 8.30847, 1053.49, 1.1426, 2694, -0.0720178, 1.72003, 8.30847, 1024.77, 1.63257, 2319, -0.0371013, 1.72003, 8.30847, 981.841, 1.30441, 2166, -0.0197268, 1.72003, 8.30847, 960.479, 9.30749, 2006, -0.00246806, 1.72003, 8.30847, 939.259, 0.114636, 1824, 0.014731, 1.72003, 8.30847, 918.113, 2.33971, 1651, 0.0319929, 1.72003, 8.30847, 896.889, 6.85109e-12
8773, -0.787383, 1.72114, 7.48045, 1873.76, 11.3057, 3753, -0.118219, 1.72114, 7.48045, 1010.93, 18.1456, 3024, -0.0708945, 1.72114, 7.48045, 949.916, 1.68682, 2694, -0.0500557, 1.72114, 7.48045, 923.052, 0.815549, 2319, -0.0188598, 1.72114, 7.48045, 882.835, 4.05971, 2166, -0.00331784, 1.72114, 7.48045, 862.8, 5.50221, 2006, 0.0121361, 1.72114, 7.48045, 842.877, 0.458529, 1824, 0.0275111, 1.72114, 7.48045, 823.056, 1.16496, 1651, 0.0429876, 1.72114, 7.48045, 803.105, 2.05485, 1475, 0.0583797, 1.72114, 7.48045, 783.262, 0.476153, 1294, 0.0736921, 1.72114, 7.48045, 763.522, 1.32469e-10
8773, -0.783376, 1.7215, 7.40829, 1823.63, 8.38237, 3753, -0.120862, 1.7215, 7.40829, 965.411, 16.6986, 3024, -0.0739479, 1.7215, 7.40829, 904.645, 2.48822, 2694, -0.0532847, 1.7215, 7.40829, 877.881, 0.438266, 2319, -0.0223536, 1.7215, 7.40829, 837.817, 3.52545, 2166, -0.00694194, 1.7215, 7.40829, 817.855, 6.11249, 2006, 0.00838258, 1.7215, 7.40829, 798.006, 0.378704, 1824, 0.0236345, 1.7215, 7.40829, 778.25, 0.923226, 1651, 0.038983, 1.7215, 7.40829, 758.37, 2.79555, 1475, 0.0542477, 1.7215, 7.40829, 738.598, 3.02302e-12
3753, -0.182183, 1.7352, 8.97462, 1039.71, 16.2316, 3526, -0.162745, 1.7352, 8.97462, 1016.55, 15.4225, 3279, -0.143384, 1.7352, 8.97462, 993.48, 13.3009, 3024, -0.123984, 1.7352, 8.97462, 970.366, 17.2111, 2694, -0.0983842, 1.7352, 8.97462, 939.865, 13.7363, 2481, -0.0793747, 1.7352, 8.97462, 917.216, 4.35798, 2319, -0.0602354, 1.7352, 8.97462, 894.413, 0.392985, 2166, -0.0412501, 1.7352, 8.97462, 871.793, 16.5966, 2006, -0.0224156, 1.7352, 8.97462, 849.353, 0.931027, 1824, -0.0036496, 1.7352, 8.97462, 826.994, 9.27625e-12
3753, -0.190525, 1.73554, 8.36286, 1021.24, 14.1515, 3526, -0.172332, 1.73554, 8.36286, 998.933, 20.7892, 3279, -0.154181, 1.73554, 8.36286, 976.677, 25.4151, 3024, -0.136006, 1.73554, 8.36286, 954.392, 4.03596, 2694, -0.112012, 1.73554, 8.36286, 924.973, 0.757628, 2319, -0.0761709, 1.73554, 8.36286, 881.028, 7.35954, 2166, -0.0583539, 1.73554, 8.36286, 859.183, 2.79464e-10
8773, -0.816791, 1.72208, 8.00142, 1871.89, 12.5417, 3024, -0.0452507, 1.72208, 8.00142, 907.584, 16.1992, 2694, -0.0231803, 1.72208, 8.00142, 879.999, 13.6703, 2319, 0.00990747, 1.72208, 8.00142, 838.645, 18.8686, 2166, 0.026353, 1.72208, 8.00142, 818.091, 1.6589, 2006, 0.0427084, 1.72208, 8.00142, 797.649, 7.8557, 1824, 0.0589676, 1.72208, 8.00142, 777.328, 4.62746, 1651, 0.0753284, 1.72208, 8.00142, 756.88, 0.773877, 1475, 0.0916044, 1.72208, 8.00142, 736.537, 0.855489, 1294, 0.1078, 1.72208, 8.00142, 716.295, 0.297683, 1097, 0.123923, 1.72208, 8.00142, 696.144, 5.69973, 906, 0.140016, 1.72208, 8.00142, 676.03, 2.03172, 743, 0.156156, 1.72208, 8.00142, 655.858, 0.690947, 639, 0.166877, 1.72208, 8.00142, 642.459, 0.0318467, 459, 0.182904, 1.72208, 8.00142, 622.428, 5.80038e-12
8773, -0.819886, 1.72248, 8.04919, 1779.62, 25.277, 3024, -0.0434951, 1.72248, 8.04919, 811.765, 17.0588, 2694, -0.0213074, 1.72248, 8.04919, 784.107, 12.7794, 2319, 0.0119655, 1.72248, 8.04919, 742.631, 18.1153, 2166, 0.0285004, 1.72248, 8.04919, 722.02, 4.59553, 2006, 0.0449435, 1.72248, 8.04919, 701.523, 8.18835, 1824, 0.0612915, 1.72248, 8.04919, 681.144, 8.50334, 1651, 0.077738, 1.72248, 8.04919, 660.643, 0.354859, 1475, 0.0940982, 1.72248, 8.04919, 640.249, 4.09913, 1294, 0.110375, 1.72248, 8.04919, 619.96, 1.02612, 1097, 0.126575, 1.72248, 8.04919, 599.765, 8.49176, 906, 0.142738, 1.72248, 8.04919, 579.617, 0.112065, 743, 0.15895, 1.72248, 8.04919, 559.408, 0.875982, 639, 0.169718, 1.72248, 8.04919, 545.985, 0.146595, 459, 0.185815, 1.72248, 8.04919, 525.919, 5.80038e-12
2166, 0.11283, 1.74043, 4.14857, 594.901, 28.9997, 1824, 0.129497, 1.74043, 4.14857, 563.932, 24.5906, 1651, 0.137845, 1.74043, 4.14857, 548.418, 9.93934, 1475, 0.146174, 1.74043, 4.14857, 532.94, 11.3023, 1294, 0.154484, 1.74043, 4.14857, 517.499, 3.41819, 1097, 0.162775, 1.74043, 4.14857, 502.092, 0.854186, 906, 0.171052, 1.74043, 4.14857, 486.712, 2.52034, 743, 0.179379, 1.74043, 4.14857, 471.238, 1.99219, 639, 0.18492, 1.74043, 4.14857, 460.941, 0.143743, 459, 0.193217, 1.74043, 4.14857, 445.52, 0.580737, 251, 0.2015, 1.74043, 4.14857, 430.128, 8.37919e-12
2166, 0.0845781, 1.73703, 4.85912, 627.539, 6.0546, 2006, 0.0943782, 1.73703, 4.85912, 611.282, 18.738, 1824, 0.104188, 1.73703, 4.85912, 595.009, 11.8578, 1651, 0.114026, 1.73703, 4.85912, 578.688, 2.43595, 1475, 0.123836, 1.73703, 4.85912, 562.414, 3.59808, 1294, 0.133619, 1.73703, 4.85912, 546.184, 0.103573, 1097, 0.143378, 1.73703, 4.85912, 529.996, 4.43046, 906, 0.153124, 1.73703, 4.85912, 513.827, 1.01855, 743, 0.162924, 1.73703, 4.85912, 497.571, 0.705906, 639, 0.169442, 1.73703, 4.85912, 486.757, 0.000561021, 459, 0.1792, 1.73703, 4.85912, 470.569, 5.80038e-12
2319, 0.0395875, 1.73824, 7.1841, 769.723, 28.5049, 2166, 0.0542581, 1.73824, 7.1841, 750.43, 3.71722, 2006, 0.0688632, 1.73824, 7.1841, 731.224, 13.2345, 1824, 0.0834292, 1.73824, 7.1841, 712.07, 8.59766, 1651, 0.0980548, 1.73824, 7.1841, 692.836, 1.36689, 1475, 0.112617, 1.73824, 7.1841, 673.687, 2.33665, 1294, 0.127118, 1.73824, 7.1841, 654.616, 0.0482821, 1097, 0.141565, 1.73824, 7.1841, 635.618, 4.90121, 906, 0.155973, 1.73824, 7.1841, 616.672, 2.00108, 743, 0.170446, 1.73824, 7.1841, 597.64, 0.400441, 639, 0.180064, 1.73824, 7.1841, 584.991, 0.595644, 459, 0.194451, 1.73824, 7.1841, 566.071, 1.26851, 251, 0.208792, 1.73824, 7.1841, 547.213, 8.37919e-12
2166, 0.0839738, 1.72957, 6.59836, 771.885, 8.21909, 2006, 0.0972614, 1.72957, 6.59836, 753.622, 28.3274, 1824, 0.110567, 1.72957, 6.59836, 735.334, 17.4085, 1651, 0.12388, 1.72957, 6.59836, 717.035, 8.99001, 1475, 0.137143, 1.72957, 6.59836, 698.805, 8.30805, 1294, 0.150358, 1.72957, 6.59836, 680.64, 3.21989, 1097, 0.16353, 1.72957, 6.59836, 662.536, 0.648264, 906, 0.176658, 1.72957, 6.59836, 644.491, 2.63469, 743, 0.189856, 1.72957, 6.59836, 626.35, 1.08552, 639, 0.198631, 1.72957, 6.59836, 614.289, 0.304762, 459, 0.211762, 1.72957, 6.59836, 596.239, 3.32519, 251, 0.22486, 1.72957, 6.59836, 578.236, 8.49532, 39, 0.237926, 1.72957, 6.59836, 560.277, 5.82612e-12
3024, -0.0357981, 1.73124, 7.30411, 827.395, 19.7648, 2694, -0.0156821, 1.73124, 7.30411, 801.158, 16.7949, 2319, 0.0145075, 1.73124, 7.30411, 761.782, 21.2729, 2166, 0.029521, 1.73124, 7.30411, 742.199, 2.46341, 2006, 0.04446, 1.73124, 7.30411, 722.714, 9.13179, 1824, 0.0593141, 1.73124, 7.30411, 703.34, 6.31182, 1651, 0.0742697, 1.73124, 7.30411, 683.833, 0.449411, 1475, 0.0891534, 1.73124, 7.30411, 664.419, 1.65869, 1294, 0.103969, 1.73124, 7.30411, 645.095, 0.0944877, 1097, 0.118722, 1.73124, 7.30411, 625.852, 6.21948, 906, 0.133458, 1.73124, 7.30411, 606.632, 1.11698, 743, 0.148239, 1.73124, 7.30411, 587.353, 0.570688, 639, 0.158059, 1.73124, 7.30411, 574.545, 1.81459e-12
3024, -0.0354396, 1.73227, 7.46493, 838.595, 21.211, 2694, -0.0148814, 1.73227, 7.46493, 812.063, 17.6719, 2319, 0.0159698, 1.73227, 7.46493, 772.247, 21.747, 2166, 0.0313088, 1.73227, 7.46493, 752.45, 2.574, 2006, 0.0465707, 1.73227, 7.46493, 732.753, 9.25154, 1824, 0.0617446, 1.73227, 7.46493, 713.17, 6.3195, 1651, 0.0770212, 1.73227, 7.46493, 693.454, 0.475629, 1475, 0.0922237, 1.73227, 7.46493, 673.833, 1.66462, 1294, 0.107356, 1.73227, 7.46493, 654.303, 0.0689864, 1097, 0.122424, 1.73227, 7.46493, 634.856, 6.0584, 906, 0.137464, 1.73227, 7.46493, 615.445, 1.14452, 743, 0.152558, 1.73227, 7.46493, 595.966, 0.580366, 639, 0.162585, 1.73227, 7.46493, 583.025, 0.000497425, 459, 0.177578, 1.73227, 7.46493, 563.675, 5.80038e-12
3024, -0.0418641, 1.72969, 7.68305, 897.199, 15.8262, 2694, -0.0206678, 1.72969, 7.68305, 870.212, 13.9418, 2319, 0.0111243, 1.72969, 7.68305, 829.736, 19.2357, 2166, 0.02693, 1.72969, 7.68305, 809.612, 1.35596, 2006, 0.0426527, 1.72969, 7.68305, 789.594, 8.10542, 1824, 0.0582857, 1.72969, 7.68305, 769.691, 4.46264, 1651, 0.0740195, 1.72969, 7.68305, 749.659, 0.973417, 1475, 0.0896739, 1.72969, 7.68305, 729.728, 0.747814, 1294, 0.105253, 1.72969, 7.68305, 709.892, 0.378134, 1097, 0.120765, 1.72969, 7.68305, 690.143, 5.82725, 906, 0.136256, 1.72969, 7.68305, 670.42, 1.90289, 743, 0.151789, 1.72969, 7.68305, 650.643, 0.602851, 639, 0.162108, 1.72969, 7.68305, 637.506, 1.81459e-12
3024, -0.041088, 1.73119, 7.79995, 896.273, 17.4931, 2694, -0.0195713, 1.73119, 7.79995, 869.068, 14.837, 2319, 0.012701, 1.73119, 7.79995, 828.266, 19.7076, 2166, 0.0287424, 1.73119, 7.79995, 807.984, 1.68925, 2006, 0.0446988, 1.73119, 7.79995, 787.81, 8.2128, 1824, 0.0605632, 1.73119, 7.79995, 767.753, 4.79141, 1651, 0.0765292, 1.73119, 7.79995, 747.566, 0.801871, 1475, 0.0924145, 1.73119, 7.79995, 727.482, 0.882299, 1294, 0.108223, 1.73119, 7.79995, 707.494, 0.29389, 1097, 0.123963, 1.73119, 7.79995, 687.594, 5.7396, 906, 0.139673, 1.73119, 7.79995, 667.731, 2.03091, 743, 0.155432, 1.73119, 7.79995, 647.806, 0.665663, 639, 0.165901, 1.73119, 7.79995, 634.57, 0.0315315, 459, 0.181552, 1.73119, 7.79995, 614.782, 5.80038e-12
2319, 0.0424575, 1.73528, 6.12188, 702.664, 26.2825, 2166, 0.0549456, 1.73528, 6.12188, 684.764, 2.95444, 2006, 0.0673863, 1.73528, 6.12188, 666.932, 11.0804, 1824, 0.0797953, 1.73528, 6.12188, 649.146, 7.14646, 1651, 0.092269, 1.73528, 6.12188, 631.266, 0.58045, 1475, 0.104695, 1.73528, 6.12188, 613.454, 1.71222, 1294, 0.117077, 1.73528, 6.12188, 595.707, 0.132898, 1097, 0.129417, 1.73528, 6.12188, 578.019, 6.74159, 906, 0.141743, 1.73528, 6.12188, 560.351, 1.14796, 743, 0.15412, 1.73528, 6.12188, 542.61, 0.480835, 639, 0.162348, 1.73528, 6.12188, 530.816, 1.81459e-12
3753, -0.142867, 1.72497, 8.69624, 1075.07, 10.4337, 3024, -0.0873842, 1.72497, 8.69624, 1008.13, 1.37411, 2694, -0.0630023, 1.72497, 8.69624, 978.717, 0.273449, 2319, -0.0265721, 1.72497, 8.69624, 934.766, 3.24127, 2166, -0.00845236, 1.72497, 8.69624, 912.906, 6.17433, 2006, 0.00954785, 1.72497, 8.69624, 891.189, 0.34498, 1824, 0.027454, 1.72497, 8.69624, 869.587, 1.32283, 1651, 0.0454476, 1.72497, 8.69624, 847.879, 1.82838, 1475, 0.0633284, 1.72497, 8.69624, 826.307, 0.522342, 1294, 0.0811036, 1.72497, 8.69624, 804.862, 1.32469e-10
2319, 0.040885, 1.72606, 5.50417, 728.417, 24.9662, 2166, 0.0521037, 1.72606, 5.50417, 711.27, 1.30301, 2006, 0.0632837, 1.72606, 5.50417, 694.183, 10.4349, 1824, 0.0744387, 1.72606, 5.50417, 677.133, 5.36066, 1651, 0.0856568, 1.72606, 5.50417, 659.987, 0.889462, 1475, 0.0968357, 1.72606, 5.50417, 642.901, 1.32773, 1294, 0.107977, 1.72606, 5.50417, 625.871, 0.10626, 1097, 0.119084, 1.72606, 5.50417, 608.895, 6.78322, 906, 0.130198, 1.72606, 5.50417, 591.909, 5.05261e-12
4901, -0.320662, 1.31533, 11.4942, 282.415, 7.87523, 4564, -0.236771, 1.31533, 11.4942, 190.369, 16.3808, 4441, -0.20588, 1.31533, 11.4942, 156.475, 6.77079, 4301, -0.175658, 1.31533, 11.4942, 123.316, 5.62408, 4148, -0.145642, 1.31533, 11.4942, 90.3827, 19.34, 3980, -0.116049, 1.31533, 11.4942, 57.9133, 27.1017, 3843, -0.0966569, 1.31533, 11.4942, 36.636, 1.8288e-10
6266, -1.00391, 1.27132, 12.661, 910.128, 0.41891, 6172, -0.942152, 1.27132, 12.661, 844.053, 28.5007, 5872, -0.829421, 1.27132, 12.661, 723.439, 2.88016, 5636, -0.743951, 1.27132, 12.661, 631.993, 13.2272, 5453, -0.648698, 1.27132, 12.661, 530.086, 5.19981, 5107, -0.502903, 1.27132, 12.661, 374.105, 11.5641, 4900, -0.434989, 1.27132, 12.661, 301.444, 25.2351, 4695, -0.369809, 1.27132, 12.661, 231.704, 10.2378, 4564, -0.331777, 1.27132, 12.661, 191.008, 11.623, 4301, -0.257964, 1.27132, 12.661, 112.035, 0.939314, 4148, -0.221948, 1.27132, 12.661, 73.5008, 7.2816, 3980, -0.186733, 1.27132, 12.661, 35.824, 1.51883e-11
6443, -1.39229, 1.26507, 13.7825, 1278.55, 8.51484, 6148, -1.04901, 1.26507, 13.7825, 918.296, 13.6328, 5283, -0.621379, 1.26507, 13.7825, 469.493, 10.9753, 5107, -0.539738, 1.26507, 13.7825, 383.813, 4.24436, 4900, -0.462729, 1.26507, 13.7825, 302.999, 2.08983, 4695, -0.389534, 1.26507, 13.7825, 226.189, 6.20604, 4301, -0.265463, 1.26507, 13.7825, 95.9954, 0.200868, 4148, -0.225797, 1.26507, 13.7825, 54.3723, 4.1361, 3980, -0.18728, 1.26507, 13.7825, 13.955, 5.9074, 3664, -0.124247, 1.26507, 13.7825, -52.1891, 1.54158, 3528, -0.0997203, 1.26507, 13.7825, -77.9263, 6.80908, 3282, -0.0631007, 1.26507, 13.7825, -116.354, 0.864353, 3027, -0.0274467, 1.26507, 13.7825, -153.767, 4.26128, 2871, -0.00365723, 1.26507, 13.7825, -178.731, 8.16693e-13
6623, -1.45928, 1.2685, 13.4057, 1363.18, 3.04316, 6357, -1.15542, 1.2685, 13.4057, 1042.38, 9.75837, 6265, -1.07399, 1.2685, 13.4057, 956.405, 23.2208, 6018, -0.933804, 1.2685, 13.4057, 808.404, 5.96222, 5871, -0.871466, 1.2685, 13.4057, 742.589, 5.53293, 5453, -0.670535, 1.2685, 13.4057, 530.455, 2.39379, 5107, -0.512463, 1.2685, 13.4057, 363.57, 10.3541, 4900, -0.439668, 1.2685, 13.4057, 286.716, 29.6444, 4695, -0.370136, 1.2685, 13.4057, 213.306, 21.3067, 4564, -0.329786, 1.2685, 13.4057, 170.704, 0.384757, 4441, -0.290219, 1.2685, 13.4057, 128.929, 17.7632, 4301, -0.25169, 1.2685, 13.4057, 88.253, 16.447, 4148, -0.213642, 1.2685, 13.4057, 48.0819, 12.5049, 3664, -0.116082, 1.2685, 13.4057, -54.9256, 5.75059, 3528, -0.0925194, 1.2685, 13.4057, -79.8034, 9.72173, 3282, -0.0572157, 1.2685, 13.4057, -117.079, 1.58675, 3027, -0.0228817, 1.2685, 13.4057, -153.331, 0.785094, 2871, 0.000113377, 1.2685, 13.4057, -177.611, 11.5414, 2624, 0.0338756, 1.2685, 13.4057, -213.258, 3.63655e-12
6266, -1.00318, 1.26801, 12.6251, 901.393, 1.34934, 6172, -0.941594, 1.26801, 12.6251, 835.459, 21.8485, 5872, -0.829103, 1.26801, 12.6251, 715.022, 9.3249, 5636, -0.743792, 1.26801, 12.6251, 623.684, 15.2737, 5453, -0.648704, 1.26801, 12.6251, 521.883, 2.98022, 5107, -0.503121, 1.26801, 12.6251, 366.021, 7.54483, 4900, -0.43528, 1.26801, 12.6251, 293.391, 13.9703, 4695, -0.370109, 1.26801, 12.6251, 223.617, 9.58198, 4564, -0.332048, 1.26801, 12.6251, 182.868, 19.4288, 4301, -0.258262, 1.26801, 12.6251, 103.875, 4.16249, 4148, -0.222245, 1.26801, 12.6251, 65.3168, 12.0673, 3980, -0.187065, 1.26801, 12.6251, 27.6546, 6.96609, 3528, -0.106891, 1.26801, 12.6251, -58.1765, 1.73502, 3282, -0.0731265, 1.26801, 12.6251, -94.3229, 3.86535, 3027, -0.0402301, 1.26801, 12.6251, -129.539, 0.207964, 2871, -0.0182097, 1.26801, 12.6251, -153.112, 3.91603, 2624, 0.0141067, 1.26801, 12.6251, -187.706, 15.6463, 2482, 0.0354887, 1.26801, 12.6251, -210.596, 1.0271, 2320, 0.0673473, 1.26801, 12.6251, -244.702, 21.766, 2216, 0.0881781, 1.26801, 12.6251, -267.002, 5.77117e-12
6266, -1.00213, 1.26792, 12.6074, 906.708, 1.84016, 6172, -0.940735, 1.26792, 12.6074, 840.955, 25.6276, 5872, -0.828554, 1.26792, 12.6074, 720.808, 10.6803, 5636, -0.743448, 1.26792, 12.6074, 629.657, 12.1122, 5453, -0.648548, 1.26792, 12.6074, 528.022, 5.3141, 5107, -0.503217, 1.26792, 12.6074, 372.376, 9.70311, 4900, -0.435481, 1.26792, 12.6074, 299.833, 16.2808, 4695, -0.370409, 1.26792, 12.6074, 230.141, 11.0286, 4564, -0.3324, 1.26792, 12.6074, 189.433, 18.3997, 4301, -0.258702, 1.26792, 12.6074, 110.51, 4.99194, 4148, -0.222728, 1.26792, 12.6074, 71.9848, 13.1905, 3980, -0.187584, 1.26792, 12.6074, 34.3488, 8.07535, 3528, -0.107496, 1.26792, 12.6074, -51.4157, 1.35409, 3282, -0.0737641, 1.26792, 12.6074, -87.5386, 4.21786, 3027, -0.0408959, 1.26792, 12.6074, -122.735, 0.313304, 2871, -0.018895, 1.26792, 12.6074, -146.294, 4.08033, 2624, 0.0133942, 1.26792, 12.6074, -180.868, 14.8602, 2482, 0.0347605, 1.26792, 12.6074, -203.748, 1.23496, 2320, 0.0665907, 1.26792, 12.6074, -237.832, 21.1392, 2216, 0.0874025, 1.26792, 12.6074, -260.118, 5.77117e-12
6625, -1.25298, 1.26947, 12.4865, 1184.23, 12.6164, 5872, -0.820847, 1.26947, 12.4865, 720.321, 12.862, 5636, -0.737413, 1.26947, 12.4865, 630.752, 9.01331, 5453, -0.644096, 1.26947, 12.4865, 530.575, 9.05166, 5107, -0.500889, 1.26947, 12.4865, 376.839, 12.6464, 4900, -0.434015, 1.26947, 12.4865, 305.048, 19.2918, 4695, -0.369711, 1.26947, 12.4865, 236.016, 13.0556, 4564, -0.332115, 1.26947, 12.4865, 195.655, 17.5372, 4301, -0.259188, 1.26947, 12.4865, 117.37, 6.23407, 4148, -0.223581, 1.26947, 12.4865, 79.1489, 15.0663, 3980, -0.188764, 1.26947, 12.4865, 41.7755, 9.7982, 3528, -0.109427, 1.26947, 12.4865, -43.3868, 1.01313, 3282, -0.0759836, 1.26947, 12.4865, -79.2854, 5.01256, 3027, -0.0433959, 1.26947, 12.4865, -114.263, 0.697452, 2871, -0.0215761, 1.26947, 12.4865, -137.683, 4.62019, 2624, 0.0104497, 1.26947, 12.4865, -172.056, 13.8586, 2482, 0.0316491, 1.26947, 12.4865, -194.81, 1.69505, 2320, 0.0632253, 1.26947, 12.4865, -228.702, 20.2273, 2216, 0.083872, 1.26947, 12.4865, -250.863, 5.77117e-12
6266, -1.00681, 1.26907, 12.6824, 902.514, 0.608228, 6172, -0.944597, 1.26907, 12.6824, 835.983, 12.1912, 5872, -0.831095, 1.26907, 12.6824, 714.599, 5.9336, 5636, -0.745125, 1.26907, 12.6824, 622.66, 29.0515, 5453, -0.649459, 1.26907, 12.6824, 520.35, 0.239734, 5107, -0.503145, 1.26907, 12.6824, 363.876, 2.14733, 4900, -0.434985, 1.26907, 12.6824, 290.984, 7.69445, 4695, -0.369508, 1.26907, 12.6824, 220.961, 5.61902, 4564, -0.33129, 1.26907, 12.6824, 180.09, 23.0559, 4301, -0.257233, 1.26907, 12.6824, 100.891, 2.37613, 4148, -0.221076, 1.26907, 12.6824, 62.2231, 10.6187, 3980, -0.185792, 1.26907, 12.6824, 24.4889, 5.95396, 3528, -0.105337, 1.26907, 12.6824, -61.5518, 1.6758, 3282, -0.0714751, 1.26907, 12.6824, -97.7641, 2.12694, 3027, -0.0384813, 1.26907, 12.6824, -133.049, 1.16721, 2871, -0.0164019, 1.26907, 12.6824, -156.661, 1.42389, 2624, 0.0160004, 1.26907, 12.6824, -191.313, 23.2867, 2482, 0.0374415, 1.26907, 12.6824, -214.243, 8.96105e-11
6266, -1.00492, 1.26805, 12.6551, 900.396, 1.03822, 6172, -0.943015, 1.26805, 12.6551, 834.155, 16.2421, 5872, -0.830001, 1.26805, 12.6551, 713.229, 8.30779, 5636, -0.744348, 1.26805, 12.6551, 621.581, 21.7526, 5453, -0.648954, 1.26805, 12.6551, 519.51, 0.817796, 5107, -0.502975, 1.26805, 12.6551, 363.315, 4.6577, 4900, -0.434965, 1.26805, 12.6551, 290.545, 10.6396, 4695, -0.369634, 1.26805, 12.6551, 220.641, 8.17396, 4564, -0.331489, 1.26805, 12.6551, 179.826, 22.1681, 4301, -0.25756, 1.26805, 12.6551, 100.724, 3.59793, 4148, -0.221473, 1.26805, 12.6551, 62.1115, 12.2668, 3980, -0.186236, 1.26805, 12.6551, 24.4086, 6.10629, 3528, -0.105922, 1.26805, 12.6551, -61.5253, 1.89217, 3282, -0.0721051, 1.26805, 12.6551, -97.7079, 3.97989, 3027, -0.0391644, 1.26805, 12.6551, -132.953, 0.201056, 2871, -0.0171133, 1.26805, 12.6551, -156.547, 3.8719, 2624, 0.0152446, 1.26805, 12.6551, -191.168, 15.865, 2482, 0.0366511, 1.26805, 12.6551, -214.073, 0.961145, 2320, 0.0685545, 1.26805, 12.6551, -248.208, 21.9238, 2216, 0.0894161, 1.26805, 12.6551, -270.53, 5.77117e-12
6266, -1.00273, 1.26884, 12.6076, 909.195, 0.956422, 6172, -0.941294, 1.26884, 12.6076, 843.403, 23.4802, 5872, -0.829052, 1.26884, 12.6076, 723.19, 7.68023, 5636, -0.743893, 1.26884, 12.6076, 631.985, 14.6505, 5453, -0.648951, 1.26884, 12.6076, 530.305, 2.30978, 5107, -0.503547, 1.26884, 12.6076, 374.582, 6.67768, 4900, -0.435777, 1.26884, 12.6076, 302.003, 13.2125, 4695, -0.370668, 1.26884, 12.6076, 232.272, 8.79265, 4564, -0.332645, 1.26884, 12.6076, 191.55, 19.1944, 4301, -0.258923, 1.26884, 12.6076, 112.599, 4.09626, 4148, -0.222931, 1.26884, 12.6076, 74.0536, 13.071, 3980, -0.187786, 1.26884, 12.6076, 36.417, 8.52267, 3528, -0.107676, 1.26884, 12.6076, -49.3751, 0.795453, 3282, -0.0739509, 1.26884, 12.6076, -85.4921, 2.8598, 3027, -0.0410736, 1.26884, 12.6076, -120.7, 1.07635, 2871, -0.0190802, 1.26884, 12.6076, -144.253, 1.49986, 2624, 0.0131976, 1.26884, 12.6076, -178.818, 22.4076, 2482, 0.0345772, 1.26884, 12.6076, -201.713, 8.96105e-11
6266, -1.0027, 1.26793, 12.617, 906.402, 1.59227, 6172, -0.941196, 1.26793, 12.617, 840.551, 23.5012, 5872, -0.828847, 1.26793, 12.617, 720.246, 10.0579, 5636, -0.743629, 1.26793, 12.617, 628.994, 13.8604, 5453, -0.648626, 1.26793, 12.617, 527.268, 4.02129, 5107, -0.503157, 1.26793, 12.617, 371.503, 8.54693, 4900, -0.435364, 1.26793, 12.617, 298.912, 15.0611, 4695, -0.370237, 1.26793, 12.617, 229.175, 10.4963, 4564, -0.3322, 1.26793, 12.617, 188.445, 19.2043, 4301, -0.258455, 1.26793, 12.617, 109.483, 4.78355, 4148, -0.222458, 1.26793, 12.617, 70.9405, 13.2259, 3980, -0.187294, 1.26793, 12.617, 33.2907, 7.78733, 3528, -0.107161, 1.26793, 12.617, -52.508, 1.39543, 3282, -0.0734127, 1.26793, 12.617, -88.6427, 4.23812, 3027, -0.0405305, 1.26793, 12.617, -123.848, 0.31251, 2871, -0.0185201, 1.26793, 12.617, -147.414, 4.04556, 2624, 0.0137819, 1.26793, 12.617, -181.996, 14.9608, 2482, 0.0351555, 1.26793, 12.617, -204.881, 1.20366, 2320, 0.0669992, 1.26793, 12.617, -238.974, 21.2042, 2216, 0.0878203, 1.26793, 12.617, -261.267, 5.77117e-12
6949, -1.59597, 1.26857, 12.8777, 1539.79, 12.731, 6266, -1.01459, 1.26857, 12.8777, 920.316, 1.48314, 6172, -0.950446, 1.26857, 12.8777, 851.971, 17.9379, 5872, -0.833935, 1.26857, 12.8777, 727.824, 29.2918, 4695, -0.365757, 1.26857, 12.8777, 228.893, 22.5989, 4564, -0.327179, 1.26857, 12.8777, 187.784, 0.722503, 4441, -0.289285, 1.26857, 12.8777, 147.407, 25.8114, 4301, -0.25229, 1.26857, 12.8777, 107.99, 8.20443, 4148, -0.215718, 1.26857, 12.8777, 69.0243, 5.63229, 3980, -0.180086, 1.26857, 12.8777, 31.0584, 18.6981, 3664, -0.121638, 1.26857, 12.8777, -31.2195, 1.88719, 3528, -0.09887, 1.26857, 12.8777, -55.4786, 4.01105, 3282, -0.0647231, 1.26857, 12.8777, -91.8643, 0.615622, 3027, -0.0314557, 1.26857, 12.8777, -127.311, 1.18714, 2871, -0.00918684, 1.26857, 12.8777, -151.04, 3.79971, 2624, 0.0235186, 1.26857, 12.8777, -185.886, 7.56398, 2482, 0.0450938, 1.26857, 12.8777, -208.875, 13.0241, 2320, 0.0773348, 1.26857, 12.8777, -243.226, 2.015e-10
6623, -1.45893, 1.2673, 13.4048, 1347.66, 1.86843, 6357, -1.15513, 1.2673, 13.4048, 1026.92, 12.0695, 6265, -1.07372, 1.2673, 13.4048, 940.966, 21.4886, 6018, -0.933537, 1.2673, 13.4048, 792.959, 7.45161, 5871, -0.87121, 1.2673, 13.4048, 727.156, 0.813996, 5453, -0.670312, 1.2673, 13.4048, 515.054, 0.919329, 5107, -0.512258, 1.2673, 13.4048, 348.185, 8.5018, 4900, -0.439469, 1.2673, 13.4048, 271.336, 24.7874, 4695, -0.36994, 1.2673, 13.4048, 197.929, 19.7258, 4564, -0.32958, 1.2673, 13.4048, 155.316, 2.95354, 4441, -0.290012, 1.2673, 13.4048, 113.541, 29.0257, 4301, -0.251477, 1.2673, 13.4048, 72.8573, 10.6484, 4148, -0.213422, 1.2673, 13.4048, 32.6807, 9.19983, 3980, -0.176406, 1.2673, 13.4048, -6.3991, 20.8561, 3528, -0.0921764, 1.2673, 13.4048, -95.325, 1.59602, 3282, -0.0568028, 1.2673, 13.4048, -132.671, 1.09677, 3027, -0.0224192, 1.2673, 13.4048, -168.971, 0.593976, 2871, 0.000615796, 1.2673, 13.4048, -193.29, 5.20951, 2624, 0.034423, 1.2673, 13.4048, -228.981, 5.18124, 2482, 0.0566316, 1.2673, 13.4048, -252.428, 19.0929, 2320, 0.0899284, 1.2673, 13.4048, -287.579, 2.65343, 2049, 0.144205, 1.2673, 13.4048, -344.877, 2.11075, 1863, 0.17634, 1.2673, 13.4048, -378.801, 5.99065, 1582, 0.229113, 1.2673, 13.4048, -434.512, 28.4252, 910, 0.34208, 1.2673, 13.4048, -553.78, 2.28735e-12
6776, -0.997304, 1.27035, 11.8679, 947.15, 8.33424, 3282, -0.00561279, 1.27035, 11.8679, -131.468, 28.4186, 2871, 0.0436023, 1.27035, 11.8679, -184.998, 18.3122, 2482, 0.0917941, 1.27035, 11.8679, -237.416, 0.185593, 2320, 0.120519, 1.27035, 11.8679, -268.661, 10.99, 2216, 0.139359, 1.27035, 11.8679, -289.153, 15.9052, 2049, 0.167569, 1.27035, 11.8679, -319.837, 0.103071, 1863, 0.195564, 1.27035, 11.8679, -350.287, 2.22295e-12
4901, -0.374917, 1.26495, 12.3713, 348.492, 26.48, 4441, -0.243335, 1.26495, 12.3713, 206.91, 25.0037, 3528, -0.0657718, 1.26495, 12.3713, 15.854, 2.30635, 3282, -0.0337509, 1.26495, 12.3713, -18.6002, 1.81766, 3027, -0.00247347, 1.26495, 12.3713, -52.2542, 3.97967, 2871, 0.0184915, 1.26495, 12.3713, -74.8124, 3.95432, 2624, 0.0493381, 1.26495, 12.3713, -108.003, 9.37339, 2482, 0.0696249, 1.26495, 12.3713, -129.831, 22.1104, 2320, 0.100118, 1.26495, 12.3713, -162.641, 3.5835, 2049, 0.149911, 1.26495, 12.3713, -216.216, 2.85486, 1863, 0.179497, 1.26495, 12.3713, -248.049, 1.68519, 1582, 0.228112, 1.26495, 12.3713, -300.357, 27.5322, 910, 0.332585, 1.26495, 12.3713, -412.767, 9.42211, 681, 0.369928, 1.26495, 12.3713, -452.945, 0.0100612, 505, 0.397633, 1.26495, 12.3713, -482.754, 0.0455878, 306, 0.425166, 1.26495, 12.3713, -512.378, 5.90519e-11
6623, -1.45912, 1.26684, 13.4082, 1376.42, 1.29722, 6357, -1.15503, 1.26684, 13.4082, 1055.38, 13.9252, 6265, -1.07359, 1.26684, 13.4082, 969.411, 20.4004, 6018, -0.933356, 1.26684, 13.4082, 821.36, 8.69128, 5871, -0.871017, 1.26684, 13.4082, 755.548, 0.275933, 5453, -0.670091, 1.26684, 13.4082, 543.427, 1.2665, 5107, -0.512021, 1.26684, 13.4082, 376.551, 9.38469, 4900, -0.439225, 1.26684, 13.4082, 299.699, 26.3942, 4695, -0.369691, 1.26684, 13.4082, 226.291, 22.3191, 4564, -0.329328, 1.26684, 13.4082, 183.678, 3.43713, 4441, -0.28976, 1.26684, 13.4082, 141.905, 27.9774, 4301, -0.251221, 1.26684, 13.4082, 101.219, 12.8508, 4148, -0.213167, 1.26684, 13.4082, 61.0456, 10.7943, 3980, -0.17615, 1.26684, 13.4082, 21.9656, 22.4618, 3528, -0.0919241, 1.26684, 13.4082, -66.9497, 1.17226, 3282, -0.0565469, 1.26684, 13.4082, -104.297, 1.36069, 3027, -0.0221662, 1.26684, 13.4082, -140.592, 0.707009, 2871, 0.000872112, 1.26684, 13.4082, -164.913, 5.56288, 2624, 0.0346841, 1.26684, 13.4082, -200.606, 4.85047, 2482, 0.0568883, 1.26684, 13.4082, -224.046, 21.1671, 2320, 0.0901905, 1.26684, 13.4082, -259.201, 2.41891, 2049, 0.144467, 1.26684, 13.4082, -316.496, 1.32357, 1863, 0.17661, 1.26684, 13.4082, -350.426, 1.48741, 1582, 0.229386, 1.26684, 13.4082, -406.136, 20.5035, 910, 0.342377, 1.26684, 13.4082, -525.42, 0.462216, 681, 0.38269, 1.26684, 13.4082, -567.977, 3.31795, 505, 0.412542, 1.26684, 13.4082, -599.491, 0.626287, 306, 0.442181, 1.26684, 13.4082, -630.78, 5.90519e-11
1225, 1.17288, 1.76128, -3.57028, 141.12, 12.0131, 1034, 1.16583, 1.76128, -3.57028, 126.418, 3.81352, 914, 1.16114, 1.76128, -3.57028, 116.624, 0.0814717, 749, 1.15411, 1.76128, -3.57028, 101.943, 0.989199, 572, 1.14708, 1.76128, -3.57028, 87.2729, 1.06741e-11
2051, 1.38077, 1.73239, -6.84627, 287.567, 24.8186, 1935, 1.37148, 1.73239, -6.84627, 275.049, 2.32234, 1751, 1.3576, 1.73239, -6.84627, 256.339, 1.43413, 1587, 1.34377, 1.73239, -6.84627, 237.702, 2.82352, 1225, 1.31615, 1.73239, -6.84627, 200.475, 0.0997099, 1034, 1.30234, 1.73239, -6.84627, 181.869, 0.868657, 914, 1.29317, 1.73239, -6.84627, 169.503, 1.33045e-10
2051, 1.39234, 1.73239, -7.66715, 309.917, 21.753, 1935, 1.3819, 1.73239, -7.66715, 296.616, 0.992126, 1751, 1.36631, 1.73239, -7.66715, 276.746, 0.338146, 1587, 1.35079, 1.73239, -7.66715, 256.967, 2.56096, 1225, 1.3198, 1.73239, -7.66715, 217.478, 0.273669, 1034, 1.30433, 1.73239, -7.66715, 197.76, 7.57648e-11
2379, 1.33398, 1.62228, -5.94546, 5714.23, 29.049, 2219, 1.32207, 1.62228, -5.94546, 5696.86, 22.3893, 2050, 1.3102, 1.62228, -5.94546, 5679.56, 11.9455, 1750, 1.29051, 1.62228, -5.94546, 5650.85, 0.129258, 1586, 1.27864, 1.62228, -5.94546, 5633.54, 1.76469, 1409, 1.26681, 1.62228, -5.94546, 5616.29, 1.53187, 1224, 1.25501, 1.62228, -5.94546, 5599.09, 5.84247e-11
2942, 1.51596, 1.63362, -8.29468, 6685.89, 11.3897, 2769, 1.50425, 1.63362, -8.29468, 6671.48, 0.162013, 2543, 1.48681, 1.63362, -8.29468, 6650.02, 0.736484, 2379, 1.46933, 1.63362, -8.29468, 6628.51, 0.268372, 2219, 1.45188, 1.63362, -8.29468, 6607.05, 0.00135299, 2050, 1.43457, 1.63362, -8.29468, 6585.74, 5.9278e-11
2942, 1.49011, 1.6121, -7.76807, 10207.4, 22.0854, 2769, 1.47928, 1.6121, -7.76807, 10193.6, 2.60541, 2543, 1.46313, 1.6121, -7.76807, 10173.2, 0.632024, 2379, 1.44694, 1.6121, -7.76807, 10152.7, 0.187068, 2219, 1.43078, 1.6121, -7.76807, 10132.2, 0.783617, 2050, 1.41472, 1.6121, -7.76807, 10111.9, 3.73352, 1864, 1.39875, 1.6121, -7.76807, 10091.6, 2.53095e-10
2942, 1.49248, 1.62326, -8.85943, 7752.52, 21.5809, 2769, 1.48011, 1.62326, -8.85943, 7737.71, 2.67982, 2543, 1.46168, 1.62326, -8.85943, 7715.64, 0.233301, 2379, 1.44323, 1.62326, -8.85943, 7693.55, 0.259828, 2219, 1.42482, 1.62326, -8.85943, 7671.5, 0.73559, 2050, 1.40654, 1.62326, -8.85943, 7649.61, 2.25119, 1864, 1.38839, 1.62326, -8.85943, 7627.87, 1.03376, 1750, 1.37627, 1.62326, -8.85943, 7613.36, 0.71844, 1586, 1.35809, 1.62326, -8.85943, 7591.59, 6.00088e-11
4413, 1.85811, 1.61832, -11.1919, 11829, 18.8153, 4071, 1.79483, 1.61832, -11.1919, 11759, 7.4276, 3873, 1.76818, 1.61832, -11.1919, 11729.6, 8.93264, 3671, 1.74178, 1.61832, -11.1919, 11700.4, 1.49194, 3442, 1.71548, 1.61832, -11.1919, 11671.3, 0.149953, 3184, 1.68965, 1.61832, -11.1919, 11642.7, 0.317908, 2942, 1.66375, 1.61832, -11.1919, 11614.1, 0.172482, 2769, 1.64666, 1.61832, -11.1919, 11595.2, 3.0031, 2543, 1.62138, 1.61832, -11.1919, 11567.3, 2.50808e-10
4413, 1.87896, 1.61319, -12.3482, 18283.3, 7.0436, 4071, 1.80826, 1.61319, -12.3482, 18207.2, 15.9279, 3873, 1.7786, 1.61319, -12.3482, 18175.3, 5.20074, 3671, 1.74928, 1.61319, -12.3482, 18143.7, 0.0234182, 3442, 1.72013, 1.61319, -12.3482, 18112.3, 0.260148, 3184, 1.69156, 1.61319, -12.3482, 18081.6, 0.0728529, 2942, 1.66294, 1.61319, -12.3482, 18050.8, 6.1594e-10
4730, 1.98362, 1.62405, -11.9221, 10781, 16.4318, 4413, 1.91149, 1.62405, -11.9221, 10702.7, 0.645593, 4234, 1.87133, 1.62405, -11.9221, 10659, 27.2148, 4071, 1.84153, 1.62405, -11.9221, 10626.7, 19.8714, 3873, 1.81214, 1.62405, -11.9221, 10594.7, 2.06437, 3671, 1.78312, 1.62405, -11.9221, 10563.2, 0.315122, 3442, 1.75426, 1.62405, -11.9221, 10531.8, 1.65838e-10
4730, 1.98418, 1.62222, -12.6047, 11782.2, 17.6341, 4413, 1.908, 1.62222, -12.6047, 11700.6, 0.480311, 4234, 1.8657, 1.62222, -12.6047, 11655.3, 27.731, 4071, 1.83435, 1.62222, -12.6047, 11621.7, 20.0026, 3873, 1.80347, 1.62222, -12.6047, 11588.6, 1.87638, 3671, 1.77304, 1.62222, -12.6047, 11556, 0.353677, 3442, 1.74277, 1.62222, -12.6047, 11523.6, 0.258029, 3184, 1.71315, 1.62222, -12.6047, 11491.9, 0.200418, 2942, 1.68347, 1.62222, -12.6047, 11460.1, 1.18569, 2769, 1.66398, 1.62222, -12.6047, 11439.2, 6.13147e-11
1504, 1.60027, 1.74468, -9.58678, -1436.17, 5.79363, 1335, 1.58022, 1.74468, -9.58678, -1459.48, 3.60778, 1154, 1.56031, 1.74468, -9.58678, -1482.62, 0.530002, 970, 1.54045, 1.74468, -9.58678, -1505.71, 7.49616, 799, 1.52057, 1.74468, -9.58678, -1528.81, 1.13471, 621, 1.50084, 1.74468, -9.58678, -1551.76, 0.0170348, 227, 1.46159, 1.74468, -9.58678, -1597.38, 2.29154e-10
1504, 1.57644, 1.74213, -7.76279, -1334.26, 13.7007, 1335, 1.56034, 1.74213, -7.76279, -1354.66, 9.66053, 1154, 1.54433, 1.74213, -7.76279, -1374.95, 0.211471, 970, 1.52833, 1.74213, -7.76279, -1395.22, 3.38678, 799, 1.51231, 1.74213, -7.76279, -1415.52, 0.0499339, 621, 1.49637, 1.74213, -7.76279, -1435.72, 0.361004, 227, 1.46463, 1.74213, -7.76279, -1475.94, 2.29154e-10
970, 1.4107, 1.76845, -7.38761, -1153.53, 0.667843, 799, 1.39587, 1.76845, -7.38761, -1172.77, 1.23809, 621, 1.38109, 1.76845, -7.38761, -1191.94, 8.53606, 440, 1.36635, 1.76845, -7.38761, -1211.06, 28.0327, 6, 1.33698, 1.76845, -7.38761, -1249.15, 6.05888e-11
3033, 1.70068, 1.72424, -10.1195, 518.41, 0.435393, 2772, 1.67776, 1.72424, -10.1195, 492.268, 1.51408, 2544, 1.65508, 1.72424, -10.1195, 466.393, 0.497552, 2380, 1.63231, 1.72424, -10.1195, 440.414, 4.15392, 2220, 1.60983, 1.72424, -10.1195, 414.766, 0.584972, 2051, 1.58748, 1.72424, -10.1195, 389.267, 8.44298e-12
4868, 2.11181, 1.6333, -13.5451, 9291.54, 5.51064, 4546, 2.01002, 1.6333, -13.5451, 9184.31, 0.0109137, 4234, 1.92539, 1.6333, -13.5451, 9095.17, 0.0521868, 3873, 1.85542, 1.6333, -13.5451, 9021.47, 0.712159, 3671, 1.82134, 1.6333, -13.5451, 8985.57, 1.03505e-10
5536, 2.74222, 1.61574, -15.3351, 12276.5, 6.55447, 5392, 2.62894, 1.61574, -15.3351, 12160.1, 9.60652, 5178, 2.48398, 1.61574, -15.3351, 12011.1, 7.51902, 5069, 2.41931, 1.61574, -15.3351, 11944.7, 6.49381, 4930, 2.33861, 1.61574, -15.3351, 11861.7, 8.45629, 4774, 2.26319, 1.61574, -15.3351, 11784.2, 19.9294, 4731, 2.24509, 1.61574, -15.3351, 11765.6, 0.547319, 4546, 2.17497, 1.61574, -15.3351, 11693.5, 2.42191, 4413, 2.12467, 1.61574, -15.3351, 11641.8, 1.79294e-10
1411, 1.70734, 1.70985, -9.70131, 1934.35, 15.5414, 1036, 1.66616, 1.70985, -9.70131, 1886.68, 2.96384, 852, 1.64573, 1.70985, -9.70131, 1863.03, 1.30048, 508, 1.60503, 1.70985, -9.70131, 1815.92, 1.78665, 310, 1.58481, 1.70985, -9.70131, 1792.51, 5.5873e-11
2257, 1.81938, 1.73933, -12.2909, -1708.54, 2.21755, 2091, 1.79186, 1.73933, -12.2909, -1738.2, 0.102471, 1896, 1.76428, 1.73933, -12.2909, -1767.93, 2.35546, 1675, 1.72807, 1.73933, -12.2909, -1806.95, 0.873402, 1504, 1.70111, 1.73933, -12.2909, -1836, 0.570658, 1335, 1.67428, 1.73933, -12.2909, -1864.92, 0.602676, 1154, 1.6478, 1.73933, -12.2909, -1893.46, 0.276951, 970, 1.62135, 1.73933, -12.2909, -1921.96, 5.71508e-11
2257, 1.81506, 1.742, -10.8964, -1531.42, 2.06254, 2091, 1.79068, 1.742, -10.8964, -1558.58, 0.0900313, 1896, 1.76623, 1.742, -10.8964, -1585.83, 0.902525, 1675, 1.73404, 1.742, -10.8964, -1621.7, 2.27459, 1504, 1.71004, 1.742, -10.8964, -1648.44, 1.33157, 1335, 1.68612, 1.742, -10.8964, -1675.1, 0.868852, 1154, 1.66249, 1.742, -10.8964, -1701.44, 7.19801e-11
5536, 2.74186, 1.61087, -15.2858, 19237, 2.90605, 5392, 2.62909, 1.61087, -15.2858, 19121.1, 4.34388, 5178, 2.48455, 1.61087, -15.2858, 18972.4, 4.55222, 5069, 2.42002, 1.61087, -15.2858, 18906.1, 1.00922, 4930, 2.33942, 1.61087, -15.2858, 18823.2, 26.5092, 4774, 2.2642, 1.61087, -15.2858, 18745.8, 5.45192, 4731, 2.2461, 1.61087, -15.2858, 18727.2, 14.1593, 4546, 2.17615, 1.61087, -15.2858, 18655.3, 7.25641e-11
1411, 1.72762, 1.70938, -12.5423, 2331.75, 19.3003, 1036, 1.67405, 1.70938, -12.5423, 2274.31, 3.13985, 852, 1.64757, 1.70938, -12.5423, 2245.92, 0.798692, 508, 1.59503, 1.70938, -12.5423, 2189.58, 1.25395, 310, 1.56902, 1.70938, -12.5423, 2161.69, 5.5873e-11
1830, 2.11189, 1.93785, -15.0695, 2880.39, 10.6503, 1657, 2.07218, 1.93785, -15.0695, 2839.45, 25.0114, 1519, 2.04594, 1.93785, -15.0695, 2812.4, 2.31224, 1351, 2.00735, 1.93785, -15.0695, 2772.61, 3.41376, 1227, 1.98171, 1.93785, -15.0695, 2746.17, 5.88279, 915, 1.91896, 1.93785, -15.0695, 2681.48, 0.275587, 392, 1.80928, 1.93785, -15.0695, 2568.4, 7.05454e-11
1519, 1.95516, 1.93237, -11.4836, 2360.72, 23.8346, 1351, 1.92727, 1.93237, -11.4836, 2330.11, 20.998, 1227, 1.90875, 1.93237, -11.4836, 2309.79, 0.563798, 915, 1.863, 1.93237, -11.4836, 2259.58, 2.1452, 392, 1.78186, 1.93237, -11.4836, 2170.52, 13.4438, 188, 1.75522, 1.93237, -11.4836, 2141.29, 2.6711e-10
2321, 2.0929, 1.70576, -15.0698, 2898.4, 2.87309, 2052, 2.02994, 1.70576, -15.0698, 2833.48, 4.13776, 1753, 1.96857, 1.70576, -15.0698, 2770.21, 1.67511, 1226, 1.86161, 1.70576, -15.0698, 2659.94, 10.5059, 1036, 1.82669, 1.70576, -15.0698, 2623.93, 7.37074e-11
2321, 2.0846, 1.70401, -14.288, 2896.73, 4.595, 2052, 2.02522, 1.70401, -14.288, 2834.88, 4.24501, 1753, 1.96719, 1.70401, -14.288, 2774.44, 2.5095, 1226, 1.86573, 1.70401, -14.288, 2668.76, 10.5466, 1036, 1.83253, 1.70401, -14.288, 2634.17, 7.37074e-11
2774, 2.32243, 1.69389, -16.653, 3569.99, 3.83795, 2629, 2.28926, 1.69389, -16.653, 3536.36, 27.127, 2321, 2.20937, 1.69389, -16.653, 3455.38, 1.60469, 2221, 2.17859, 1.69389, -16.653, 3424.18, 0.662487, 2052, 2.13274, 1.69389, -16.653, 3377.7, 1.71625, 1938, 2.10315, 1.69389, -16.653, 3347.71, 0.106737, 1411, 1.97352, 1.69389, -16.653, 3216.31, 7.24482e-11
3155, 2.18173, 1.75213, -14.5674, -1701.87, 28.0973, 2981, 2.15449, 1.75213, -14.5674, -1730.13, 1.56343, 2726, 2.11471, 1.75213, -14.5674, -1771.41, 14.0419, 2604, 2.08837, 1.75213, -14.5674, -1798.74, 2.19264, 2257, 2.01157, 1.75213, -14.5674, -1878.43, 18.5866, 2091, 1.97432, 1.75213, -14.5674, -1917.08, 9.86478e-11
4932, 2.78113, 1.73881, -17.0022, 1449.41, 8.68645, 4675, 2.57866, 1.73881, -17.0022, 1244.82, 28.843, 4518, 2.51033, 1.73869, -17.1213, 1145.75, 0.722463, 4276, 2.37905, 1.73869, -17.1213, 1013.24, 7.53693e-11
4676, 2.63147, 1.73869, -17.1213, 1268.02, 0.189144, 4518, 2.51033, 1.73869, -17.1213, 1145.75, 0.722463, 4276, 2.37905, 1.73869, -17.1213, 1013.24, 7.53693e-11
1830, 2.19505, 1.91903, -16.6934, 3327.08, 1.94795, 1657, 2.14842, 1.91903, -16.6934, 3279.83, 6.92945, 1519, 2.11769, 1.91903, -16.6934, 3248.69, 0.215034, 1351, 2.07266, 1.91903, -16.6934, 3203.06, 5.17786, 1227, 2.04299, 1.91903, -16.6934, 3173, 2.72204e-10
6497, 2.87357, 1.63253, -13.8348, 14870.5, 0.0149131, 6415, 2.75618, 1.63253, -13.8348, 14747.5, 0.460626, 6295, 2.65972, 1.63253, -13.8348, 14646.3, 6.26624e-11
3847, 2.40085, 1.72765, -16.2156, -1938.31, 24.5773, 3734, 2.36582, 1.72765, -16.2156, -1973.97, 0.980508, 3353, 2.28101, 1.72765, -16.2156, -2060.3, 19.3512, 3155, 2.24849, 1.72765, -16.2156, -2093.41, 7.70215, 2981, 2.2165, 1.72765, -16.2156, -2125.98, 21.0119, 2726, 2.16968, 1.72765, -16.2156, -2173.64, 1.36378e-10
4419, 0.908641, 2.47007, 10.0456, 3025.82, 3.54843, 4021, 1.04235, 2.47007, 10.0456, 2872.9, 23.479, 3045, 1.23811, 2.47007, 10.0456, 2649.03, 1.14743e-09
7368, 0.4186, 1.4229, 12.5326, 6402.43, 0.483792, 6912, 0.702456, 1.4229, 12.5326, 6097.98, 2.07835, 6851, 0.723368, 1.4229, 12.5326, 6075.55, 0.106474, 6533, 0.857999, 1.4229, 12.5326, 5931.16, 1.22496, 6362, 0.943768, 1.4229, 12.5326, 5839.17, 1.82883, 6195, 1.02342, 1.4229, 12.5326, 5753.74, 8.19266e-10
1418, 2.01099, 1.38696, 2.60091, -1114.79, 24.6046, 1236, 2.01609, 1.38696, 2.60091, -1128.71, 15.9632, 1046, 2.02119, 1.38696, 2.60091, -1142.62, 11.6931, 929, 2.02458, 1.38696, 2.60091, -1151.89, 2.98535, 759, 2.02968, 1.38696, 2.60091, -1165.79, 0.0602313, 582, 2.03477, 1.38696, 2.60091, -1179.68, 0.0893814, 400, 2.03986, 1.38696, 2.60091, -1193.57, 1.16935, 195, 2.04495, 1.38696, 2.60091, -1207.46, 1.24536e-10
3641, 1.16384, 1.35828, 15.8347, 328.678, 1.78964, 3411, 1.21222, 1.35828, 15.8347, 279.233, 1.68301, 3156, 1.25973, 1.35828, 15.8347, 230.683, 7.4013, 2919, 1.30566, 1.35828, 15.8347, 183.742, 1.41809, 2507, 1.37988, 1.35828, 15.8347, 107.884, 1.97106e-11
3641, 1.1725, 1.35908, 14.9049, 315.115, 4.45549, 3156, 1.26215, 1.35908, 14.9049, 222.491, 7.11758, 2919, 1.30532, 1.35908, 14.9049, 177.893, 1.98218, 2507, 1.37535, 1.35908, 14.9049, 105.549, 1.97106e-11
4259, 0.871777, 1.35426, 16.9449, 556.465, 3.20056, 3641, 1.08381, 1.35426, 16.9449, 342.112, 5.23587, 3411, 1.14093, 1.35426, 16.9449, 284.37, 0.181659, 3156, 1.19628, 1.35426, 16.9449, 228.42, 2.62165, 2727, 1.28367, 1.35426, 16.9449, 140.068, 1.65735e-11
6363, 1.08854, 1.41911, 11.3515, 4802.7, 21.7348, 6030, 1.19497, 1.41911, 11.3515, 4685.51, 5.12035, 5804, 1.24017, 1.41911, 11.3515, 4635.74, 25.0399, 5599, 1.29477, 1.41911, 11.3515, 4575.62, 25.1214, 5474, 1.3382, 1.41938, 11.3142, 4528.3, 7.44995, 5327, 1.37993, 1.41938, 11.3142, 4482.3, 2.80838e-10
6363, 1.09027, 1.41938, 11.3142, 4801.54, 12.6741, 6030, 1.19613, 1.41938, 11.3142, 4684.88, 0.0356577, 5804, 1.2411, 1.41938, 11.3142, 4635.31, 2.43864, 5598, 1.29558, 1.41938, 11.3142, 4575.27, 2.51877, 5474, 1.3382, 1.41938, 11.3142, 4528.3, 7.44995, 5327, 1.37993, 1.41938, 11.3142, 4482.3, 2.80838e-10
3641, 1.18375, 1.34535, 15.2694, 307.121, 15.8903, 3156, 1.27468, 1.34535, 15.2694, 213.599, 0.890145, 2919, 1.31843, 1.34535, 15.2694, 168.597, 3.32402, 2507, 1.38931, 1.34535, 15.2694, 95.7013, 0.0640902, 2349, 1.43061, 1.34535, 15.2694, 53.2197, 2.79069e-10
6363, 1.09251, 1.4143, 11.3798, 4658.97, 28.5003, 6030, 1.19884, 1.4143, 11.3798, 4541.98, 4.16186, 5804, 1.24403, 1.4143, 11.3798, 4492.25, 21.0035, 5599, 1.29872, 1.4143, 11.3798, 4432.08, 24.2117, 5474, 1.33936, 1.41354, 11.2977, 4384.25, 4.41468, 5327, 1.38104, 1.41354, 11.2977, 4338.3, 1.62864, 5053, 1.46183, 1.41354, 11.2977, 4249.21, 2.73419, 4796, 1.53015, 1.41354, 11.2977, 4173.89, 1.08957, 4654, 1.55865, 1.41354, 11.2977, 4142.47, 5.03414e-10
6363, 1.09186, 1.41354, 11.2977, 4657.14, 15.3011, 6030, 1.1975, 1.41354, 11.2977, 4540.66, 0.352123, 5804, 1.2424, 1.41354, 11.2977, 4491.15, 3.23926, 5598, 1.29679, 1.41354, 11.2977, 4431.18, 1.98918, 5474, 1.33936, 1.41354, 11.2977, 4384.25, 4.41468, 5327, 1.38104, 1.41354, 11.2977, 4338.3, 1.62864, 5053, 1.46183, 1.41354, 11.2977, 4249.21, 2.73419, 4796, 1.53015, 1.41354, 11.2977, 4173.89, 1.08957, 4654, 1.55865, 1.41354, 11.2977, 4142.47, 5.03414e-10
6363, 1.06578, 1.41436, 11.6711, 4736.63, 9.41974, 6195, 1.12888, 1.41436, 11.6711, 4667.69, 2.02974, 6030, 1.17798, 1.41436, 11.6711, 4614.04, 14.6718, 5804, 1.22533, 1.41436, 11.6711, 4562.31, 9.28844, 5598, 1.28254, 1.41436, 11.6711, 4499.8, 3.57491, 5474, 1.3271, 1.41436, 11.6711, 4451.11, 25.1759, 5327, 1.37063, 1.41436, 11.6711, 4403.54, 1.90321, 5053, 1.45461, 1.41436, 11.6711, 4311.78, 15.0438, 4968, 1.4851, 1.41436, 11.6711, 4278.46, 4.9481e-10
6031, 1.31368, 1.42752, 10.1613, 4710.93, 0.18677, 5599, 1.3946, 1.42752, 10.1613, 4618.74, 0.658928, 5474, 1.42952, 1.42752, 10.1613, 4578.96, 1.35651, 5327, 1.46411, 1.42752, 10.1613, 4539.55, 2.80838e-10
1663, 1.77787, 1.36418, 10.1875, -61.5697, 6.26613, 1524, 1.79289, 1.36418, 10.1875, -78.669, 2.44146, 1358, 1.81528, 1.36418, 10.1875, -104.151, 1.53077e-12
2260, 1.65153, 1.39976, 11.177, 17.0586, 5.40011, 1663, 1.74378, 1.39976, 11.177, -84.9798, 4.13034, 1524, 1.76032, 1.39976, 11.177, -103.267, 11.3725, 1358, 1.78512, 1.39976, 11.177, -130.691, 8.84845, 1179, 1.80959, 1.39976, 11.177, -157.763, 1.33409e-10
2727, 1.44521, 1.40138, 14.4043, 146.628, 6.84257, 2507, 1.48164, 1.40138, 14.4043, 108.743, 3.36263, 2349, 1.51734, 1.40138, 14.4043, 71.6236, 0.638057, 2094, 1.57596, 1.40138, 14.4043, 10.659, 5.04857, 1663, 1.6669, 1.40138, 14.4043, -83.9184, 0.75279, 1524, 1.68927, 1.40138, 14.4043, -107.178, 4.87621e-10
4968, 1.63373, 1.42811, 9.67616, 4313.8, 2.94709, 4796, 1.66379, 1.42811, 9.67616, 4278.97, 0.943433, 4654, 1.68596, 1.42811, 9.67616, 4253.29, 1.96424, 4532, 1.70811, 1.42811, 9.67616, 4227.63, 0.60995, 4399, 1.73015, 1.42811, 9.67616, 4202.1, 3.36361, 4312, 1.74468, 1.42811, 9.67616, 4185.26, 0.803639, 4155, 1.76626, 1.42811, 9.67616, 4160.26, 0.0949145, 4058, 1.78078, 1.42811, 9.67616, 4143.43, 7.74535, 3851, 1.80234, 1.42811, 9.67616, 4118.45, 2.65737e-10
6363, 1.08724, 1.41454, 11.5664, 4781.15, 19.9895, 6030, 1.19586, 1.41454, 11.5664, 4662.19, 2.20904, 5804, 1.24194, 1.41454, 11.5664, 4611.72, 15.949, 5599, 1.29764, 1.41454, 11.5664, 4550.7, 29.8598, 5474, 1.33904, 1.41378, 11.4824, 4502.25, 7.87107, 5327, 1.38141, 1.41378, 11.4824, 4455.75, 0.0414578, 5053, 1.46347, 1.41378, 11.4824, 4365.69, 0.862398, 4796, 1.5328, 1.41378, 11.4824, 4289.59, 1.9454, 4654, 1.56171, 1.41378, 11.4824, 4257.87, 5.03414e-10
6363, 1.08668, 1.41378, 11.4824, 4779.22, 10.0755, 6030, 1.19458, 1.41378, 11.4824, 4660.79, 1.11764, 5804, 1.24035, 1.41378, 11.4824, 4610.57, 2.20115, 5598, 1.29574, 1.41378, 11.4824, 4549.78, 0.925803, 5474, 1.33904, 1.41378, 11.4824, 4502.25, 7.87107, 5327, 1.38141, 1.41378, 11.4824, 4455.75, 0.0414578, 5053, 1.46347, 1.41378, 11.4824, 4365.69, 0.862398, 4796, 1.5328, 1.41378, 11.4824, 4289.59, 1.9454, 4654, 1.56171, 1.41378, 11.4824, 4257.87, 5.03414e-10
6030, 1.22974, 1.41119, 10.5549, 4191.4, 9.09927, 5804, 1.27051, 1.41119, 10.5549, 4145.52, 23.0651, 5598, 1.32003, 1.41119, 10.5549, 4089.79, 19.8899, 5474, 1.39468, 1.41534, 10.2883, 4035.85, 1.08865, 5327, 1.43099, 1.41534, 10.2883, 3994.65, 18.9467, 5192, 1.46632, 1.41534, 10.2883, 3954.56, 3.26511, 5053, 1.50167, 1.41534, 10.2883, 3914.45, 6.98931, 4796, 1.5619, 1.41534, 10.2883, 3846.11, 9.83924, 4654, 1.58722, 1.41534, 10.2883, 3817.38, 16.6135, 4532, 1.61242, 1.41534, 10.2883, 3788.79, 2.32546e-10
6031, 1.27292, 1.41534, 10.2883, 4174, 19.9125, 5599, 1.35811, 1.41534, 10.2883, 4077.34, 5.90572, 5474, 1.39468, 1.41534, 10.2883, 4035.85, 1.08865, 5327, 1.43099, 1.41534, 10.2883, 3994.65, 18.9467, 5192, 1.46632, 1.41534, 10.2883, 3954.56, 3.26511, 5053, 1.50167, 1.41534, 10.2883, 3914.45, 6.98931, 4796, 1.5619, 1.41534, 10.2883, 3846.11, 9.83924, 4654, 1.58722, 1.41534, 10.2883, 3817.38, 16.6135, 4532, 1.61242, 1.41534, 10.2883, 3788.79, 2.32546e-10
1663, 1.78757, 1.35554, 12.0953, -53.5649, 1.95588, 1524, 1.8053, 1.35554, 12.0953, -72.7528, 1.61335, 1358, 1.83174, 1.35554, 12.0953, -101.365, 5.51398, 1179, 1.85786, 1.35554, 12.0953, -129.628, 0.122021, 1048, 1.87518, 1.35554, 12.0953, -148.378, 1.63594, 857, 1.9012, 1.35554, 12.0953, -176.533, 2.08228e-10
4968, 1.62636, 1.4216, 9.82658, 4052.84, 1.44494, 4796, 1.65706, 1.4216, 9.82658, 4017.47, 0.591421, 4654, 1.67969, 1.4216, 9.82658, 3991.39, 4.18405, 4532, 1.70229, 1.4216, 9.82658, 3965.35, 0.439614, 4399, 1.72477, 1.4216, 9.82658, 3939.44, 2.48805, 4312, 1.73959, 1.4216, 9.82658, 3922.37, 0.44534, 4155, 1.7616, 1.4216, 9.82658, 3897, 0.623394, 4058, 1.77641, 1.4216, 9.82658, 3879.94, 3.54834, 3851, 1.79837, 1.4216, 9.82658, 3854.62, 2.52423, 3737, 1.81287, 1.4216, 9.82658, 3837.92, 3.24028, 3497, 1.83446, 1.4216, 9.82658, 3813.04, 1.09174e-10
4968, 1.63289, 1.42263, 9.309, 4058.07, 2.29448, 4796, 1.66186, 1.42263, 9.309, 4024.03, 0.705845, 4654, 1.68323, 1.42263, 9.309, 3998.92, 3.11531, 4532, 1.70459, 1.42263, 9.309, 3973.82, 0.473768, 4399, 1.72587, 1.42263, 9.309, 3948.82, 3.18521, 4312, 1.7399, 1.42263, 9.309, 3932.34, 0.515534, 4155, 1.76075, 1.42263, 9.309, 3907.84, 0.801224, 4058, 1.77478, 1.42263, 9.309, 3891.35, 3.50039, 3851, 1.79561, 1.42263, 9.309, 3866.87, 2.68365, 3737, 1.80937, 1.42263, 9.309, 3850.71, 3.38724, 3497, 1.82986, 1.42263, 9.309, 3826.63, 1.09174e-10
4968, 1.63613, 1.42863, 9.81128, 4433.92, 4.87638, 4796, 1.66656, 1.42863, 9.81128, 4398.84, 2.33702, 4654, 1.68899, 1.42863, 9.81128, 4372.98, 0.649715, 4532, 1.71141, 1.42863, 9.81128, 4347.13, 2.19923, 4399, 1.7337, 1.42863, 9.81128, 4321.43, 5.8303, 4312, 1.7484, 1.42863, 9.81128, 4304.48, 0.312498, 4155, 1.77022, 1.42863, 9.81128, 4279.32, 0.59417, 4058, 1.78491, 1.42863, 9.81128, 4262.39, 5.94145, 3851, 1.80671, 1.42863, 9.81128, 4237.25, 2.65737e-10
4968, 1.61665, 1.42538, 10.0236, 4333.14, 0.138181, 4796, 1.64815, 1.42538, 10.0236, 4297.09, 0.112214, 4654, 1.67135, 1.42538, 10.0236, 4270.54, 5.7875, 4532, 1.6945, 1.42538, 10.0236, 4244.04, 0.0129678, 4399, 1.71753, 1.42538, 10.0236, 4217.68, 2.54294, 4312, 1.7327, 1.42538, 10.0236, 4200.32, 0.717091, 4155, 1.75526, 1.42538, 10.0236, 4174.5, 1.26375, 4058, 1.77041, 1.42538, 10.0236, 4157.16, 1.50701, 3851, 1.79288, 1.42538, 10.0236, 4131.45, 7.1742, 3737, 1.8077, 1.42538, 10.0236, 4114.48, 5.64733e-10
4968, 1.62714, 1.42274, 9.93245, 4261.1, 2.04111, 4796, 1.65815, 1.42274, 9.93245, 4225.51, 0.815989, 4654, 1.681, 1.42274, 9.93245, 4199.27, 2.50101, 4532, 1.70382, 1.42274, 9.93245, 4173.07, 0.999971, 4399, 1.72652, 1.42274, 9.93245, 4147.01, 4.62379, 4312, 1.74148, 1.42274, 9.93245, 4129.84, 0.242329, 4155, 1.7637, 1.42274, 9.93245, 4104.32, 2.00722, 4058, 1.77864, 1.42274, 9.93245, 4087.17, 1.68764, 3851, 1.80081, 1.42274, 9.93245, 4061.72, 4.15749, 3737, 1.81544, 1.42274, 9.93245, 4044.92, 2.37255, 3497, 1.83722, 1.42274, 9.93245, 4019.92, 1.09174e-10
4968, 1.64081, 1.42798, 8.95858, 4098.94, 4.02316, 4796, 1.66854, 1.42798, 8.95858, 4065.88, 1.25794, 4654, 1.68901, 1.42798, 8.95858, 4041.47, 1.81674, 4532, 1.70948, 1.42798, 8.95858, 4017.06, 0.59196, 4399, 1.72988, 1.42798, 8.95858, 3992.74, 3.14367, 4312, 1.74334, 1.42798, 8.95858, 3976.69, 0.965833, 4155, 1.76334, 1.42798, 8.95858, 3952.85, 0.0495057, 4058, 1.77681, 1.42798, 8.95858, 3936.79, 8.2487, 3851, 1.79683, 1.42798, 8.95858, 3912.92, 2.65737e-10
2261, 2.22268, 1.41732, 2.8077, 2204.17, 7.46161, 2095, 2.2282, 1.41732, 2.8077, 2190.08, 8.30137, 1899, 2.23372, 1.41732, 2.8077, 2176, 5.37514, 1551, 2.24475, 1.41732, 2.8077, 2147.84, 4.14561, 1386, 2.25028, 1.41732, 2.8077, 2133.72, 7.51992e-05, 1206, 2.25581, 1.41732, 2.8077, 2119.62, 0.141302, 1018, 2.26133, 1.41732, 2.8077, 2105.53, 0.544875, 840, 2.26685, 1.41732, 2.8077, 2091.44, 1.73117, 672, 2.27236, 1.41732, 2.8077, 2077.37, 0.100017, 494, 2.27787, 1.41732, 2.8077, 2063.31, 4.34649e-10
2261, 2.21338, 1.41736, 3.62081, 2300.34, 5.67295, 2095, 2.22051, 1.41736, 3.62081, 2285.62, 6.53072, 1899, 2.22763, 1.41736, 3.62081, 2270.92, 4.31628, 1551, 2.24187, 1.41736, 3.62081, 2241.52, 3.84403, 1386, 2.24901, 1.41736, 3.62081, 2226.78, 0.00318576, 1206, 2.25614, 1.41736, 3.62081, 2212.07, 0.139172, 1018, 2.26326, 1.41736, 3.62081, 2197.37, 0.531438, 840, 2.27037, 1.41736, 3.62081, 2182.68, 1.73718, 672, 2.27748, 1.41736, 3.62081, 2168.01, 0.119636, 494, 2.28458, 1.41736, 3.62081, 2153.36, 4.34649e-10
2261, 2.20291, 1.41826, 4.50309, 2487.03, 4.13147, 2095, 2.21179, 1.41826, 4.50309, 2471.49, 4.74696, 1899, 2.22066, 1.41826, 4.50309, 2455.98, 2.7796, 1551, 2.23838, 1.41826, 4.50309, 2424.96, 2.94446, 1386, 2.24726, 1.41826, 4.50309, 2409.42, 0.0656681, 1206, 2.25613, 1.41826, 4.50309, 2393.91, 0.0471058, 1018, 2.26498, 1.41826, 4.50309, 2378.41, 0.337365, 840, 2.27383, 1.41826, 4.50309, 2362.94, 2.06368, 672, 2.28266, 1.41826, 4.50309, 2347.49, 0.102324, 494, 2.29148, 1.41826, 4.50309, 2332.05, 4.34649e-10
2261, 2.213, 1.41583, 3.66843, 2250.04, 5.66222, 2095, 2.22022, 1.41583, 3.66843, 2235.27, 6.98179, 1899, 2.22744, 1.41583, 3.66843, 2220.53, 5.35315, 1551, 2.24187, 1.41583, 3.66843, 2191.04, 4.61538, 1386, 2.24911, 1.41583, 3.66843, 2176.26, 0.0114468, 1206, 2.25633, 1.41583, 3.66843, 2161.51, 0.191415, 1018, 2.26354, 1.41583, 3.66843, 2146.77, 0.521242, 840, 2.27075, 1.41583, 3.66843, 2132.04, 2.03161, 672, 2.27795, 1.41583, 3.66843, 2117.33, 6.85778e-11
2261, 2.22345, 1.41732, 2.73987, 2197.12, 7.62383, 2095, 2.22884, 1.41732, 2.73987, 2183.07, 8.45887, 1899, 2.23422, 1.41732, 2.73987, 2169.04, 5.47106, 1551, 2.24499, 1.41732, 2.73987, 2140.97, 4.1719, 1386, 2.25039, 1.41732, 2.73987, 2126.9, 7.67312e-05, 1206, 2.25578, 1.41732, 2.73987, 2112.84, 0.141454, 1018, 2.26117, 1.41732, 2.73987, 2098.79, 0.546125, 840, 2.26656, 1.41732, 2.73987, 2084.75, 1.73109, 672, 2.27194, 1.41732, 2.73987, 2070.73, 0.0986055, 494, 2.27731, 1.41732, 2.73987, 2056.71, 4.34649e-10
2261, 2.22019, 1.4302, 2.66845, 2589.8, 10.114, 2095, 2.22543, 1.4302, 2.66845, 2575.82, 10.501, 1899, 2.23067, 1.4302, 2.66845, 2561.86, 3.99246, 1551, 2.24114, 1.4302, 2.66845, 2533.92, 2.50833, 1386, 2.24639, 1.4302, 2.66845, 2519.91, 0.227665, 1206, 2.25163, 1.4302, 2.66845, 2505.92, 0.106968, 1018, 2.25687, 1.4302, 2.66845, 2491.94, 1.5837, 840, 2.26211, 1.4302, 2.66845, 2477.96, 3.1554e-10
2261, 2.19018, 1.42097, 4.4556, 2730.16, 2.26735, 2095, 2.19899, 1.42097, 4.4556, 2714.63, 1.3616, 1899, 2.20778, 1.42097, 4.4556, 2699.14, 0.64507, 1713, 2.21655, 1.42097, 4.4556, 2683.66, 5.65996, 1551, 2.22534, 1.42097, 4.4556, 2668.16, 0.493698, 1386, 2.23415, 1.42097, 4.4556, 2652.64, 1.37618, 1206, 2.24293, 1.42097, 4.4556, 2637.15, 0.335575, 1018, 2.25171, 1.42097, 4.4556, 2621.67, 3.44064e-10
2261, 2.17472, 1.41449, 5.51628, 2596.3, 0.554714, 2095, 2.18566, 1.41449, 5.51628, 2579.6, 0.044389, 1899, 2.19658, 1.41449, 5.51628, 2562.94, 3.00673, 1713, 2.20747, 1.41449, 5.51628, 2546.31, 2.6956, 1551, 2.21839, 1.41449, 5.51628, 2529.65, 2.01307, 1386, 2.22931, 1.41449, 5.51628, 2512.98, 0.468168, 1206, 2.24021, 1.41449, 5.51628, 2496.35, 1.11234e-10
2804, 0.806661, 1.69125, 21.7853, 10988.8, 2.11436, 2573, 1.00443, 1.69125, 21.7853, 10794.9, 16.9383, 2173, 1.29844, 1.69125, 21.7853, 10506.7, 3.74272, 1966, 1.42836, 1.69125, 21.7853, 10379.4, 8.7769, 1425, 1.67227, 1.69125, 21.7853, 10140.3, 5.58317e-11
2703, 0.924527, 1.69526, 21.3346, 9675.43, 2.91468, 2173, 1.30913, 1.69526, 21.3346, 9297.66, 1.02369, 1966, 1.43467, 1.69526, 21.3346, 9174.35, 0.498061, 1425, 1.67316, 1.69526, 21.3346, 8940.11, 5.58317e-11
2641, 1.11526, 1.69278, 20.5925, 9018.43, 12.8631, 2396, 1.25613, 1.69278, 20.5925, 8879.54, 6.51482, 2174, 1.37764, 1.69278, 20.5925, 8759.75, 5.64747, 1966, 1.48686, 1.69278, 20.5925, 8652.08, 0.982807, 1608, 1.63394, 1.69278, 20.5925, 8507.07, 0.779273, 1243, 1.76722, 1.69278, 20.5925, 8375.68, 8.14471, 1124, 1.80934, 1.69278, 20.5925, 8334.16, 3.99337e-11
1490, 1.51543, 1.80765, 21.9762, 784.411, 19.2464, 1312, 1.59209, 1.80765, 21.9762, 709.327, 28.3957, 1242, 1.61678, 1.80765, 21.9762, 685.147, 27.9861, 1052, 1.68814, 1.80765, 21.9762, 615.266, 8.41721, 934, 1.73381, 1.80765, 21.9762, 570.531, 2.6355, 767, 1.80005, 1.80765, 21.9762, 505.659, 17.1119, 592, 1.86377, 1.80765, 21.9762, 443.26, 3.8316e-11
1425, 1.83662, 1.711, 19.1203, 6968.71, 0.96015, 1243, 1.88936, 1.711, 19.1203, 6916.27, 21.5826, 1124, 1.92377, 1.711, 19.1203, 6882.05, 2.11381, 937, 1.974, 1.711, 19.1203, 6832.1, 2.70605, 770, 2.02356, 1.711, 19.1203, 6782.83, 13.2022, 651, 2.05575, 1.711, 19.1203, 6750.82, 0.678233, 473, 2.10341, 1.711, 19.1203, 6703.43, 9.34547, 322, 2.13467, 1.711, 19.1203, 6672.35, 1.19652e-10
1425, 1.84132, 1.69974, 19.4439, 7712.84, 0.500372, 1243, 1.89461, 1.69974, 19.4439, 7659.96, 17.2666, 1124, 1.92931, 1.69974, 19.4439, 7625.53, 8.14376, 770, 2.03, 1.69974, 19.4439, 7525.61, 4.82201, 651, 2.0624, 1.69974, 19.4439, 7493.46, 8.23477, 473, 2.11053, 1.69974, 19.4439, 7445.7, 0.148613, 322, 2.14196, 1.69974, 19.4439, 7414.51, 14.0001, 132, 2.18852, 1.69974, 19.4439, 7368.31, 1.27472e-10
